0.0 0.029 1.0 0.055 1.0 1.0 0.667 1.0 0.0 0.857 1.0 0.333 0.0 1.0 0.0 0.0 1.0 1.0 0.0 1.0 0
0.333 0.647 0.5 0.319 0.0 0.5 0.333 0.333 0.0 0.054 1.0 0.0 0.0 0.0 0.0 0.0 1.0 1.0 0.0 1.0 1
1.0 0.118 1.0 0.104 0.0 0.75 0.667 0.667 0.0 0.536 1.0 0.0 1.0 0.0 0.0 0.0 1.0 1.0 1.0 0.0 0
0.0 0.559 0.5 0.423 0.0 0.75 0.667 1.0 0.333 0.464 1.0 0.0 1.0 0.0 0.0 0.0 0.0 0.0 0.0 1.0 0
0.0 0.294 0.75 0.258 0.0 0.5 0.667 1.0 1.0 0.607 1.0 0.333 1.0 0.0 1.0 0.0 1.0 0.0 0.0 1.0 1
1.0 0.471 0.5 0.489 1.0 0.5 0.667 1.0 1.0 0.286 1.0 0.0 1.0 1.0 0.0 0.0 1.0 0.0 1.0 0.0 0
1.0 0.294 0.5 0.143 0.5 1.0 0.667 1.0 0.333 0.607 1.0 0.0 0.0 0.0 0.0 0.0 1.0 1.0 0.0 1.0 0
0.333 0.471 0.5 0.368 0.0 0.5 0.667 0.333 0.667 0.286 1.0 0.0 0.0 1.0 0.0 1.0 1.0 0.0 0.0 0.0 0
1.0 0.118 0.5 0.159 0.75 0.75 0.0 1.0 0.0 0.75 1.0 0.0 0.0 0.0 0.0 0.0 1.0 1.0 1.0 0.0 0
0.333 0.382 1.0 0.275 0.0 0.0 1.0 0.333 0.667 0.161 1.0 0.333 0.0 0.0 1.0 0.0 1.0 1.0 0.0 0.0 1
0.333 0.118 0.5 0.06 0.0 0.25 0.333 0.0 0.667 0.107 1.0 0.0 0.0 0.0 1.0 0.0 1.0 0.0 0.0 1.0 1
0.0 0.647 0.5 0.225 0.0 0.25 0.333 1.0 0.333 0.089 1.0 0.0 0.0 0.0 0.0 0.0 1.0 0.0 0.0 1.0 1
0.333 0.118 0.5 0.077 0.0 0.5 0.333 0.0 0.667 0.054 1.0 0.0 0.0 1.0 0.0 0.0 1.0 1.0 0.0 1.0 0
0.0 0.294 1.0 0.055 0.0 1.0 0.667 1.0 0.667 0.732 1.0 0.333 0.0 0.0 1.0 0.0 1.0 1.0 1.0 0.0 1
0.0 0.162 0.5 0.066 0.0 0.5 0.333 1.0 0.667 0.161 1.0 0.0 0.0 0.0 1.0 0.0 1.0 0.0 0.0 1.0 0
0.0 0.294 0.5 0.06 0.25 0.5 0.333 0.333 0.667 0.232 1.0 0.0 0.0 0.0 0.0 0.0 1.0 1.0 1.0 0.0 1
1.0 0.294 1.0 0.121 1.0 1.0 0.667 1.0 0.333 0.607 1.0 0.333 0.0 0.0 0.0 0.0 1.0 1.0 0.0 1.0 0
0.0 0.382 0.0 0.434 1.0 0.25 0.667 0.667 0.667 0.107 0.0 0.667 0.0 0.0 0.0 0.0 1.0 1.0 0.0 1.0 0
0.333 0.294 0.5 0.681 0.0 1.0 0.333 0.333 1.0 0.446 1.0 0.0 0.0 1.0 0.0 1.0 1.0 0.0 0.0 0.0 1
1.0 0.294 0.5 0.176 0.5 1.0 0.667 0.333 0.667 0.214 1.0 0.0 1.0 1.0 0.0 0.0 1.0 1.0 0.0 1.0 0
1.0 0.074 1.0 0.104 0.0 0.5 0.667 1.0 0.667 0.518 1.0 0.667 0.0 1.0 1.0 0.0 1.0 1.0 0.0 1.0 0
0.0 0.029 0.5 0.132 0.5 0.5 0.667 0.667 0.0 0.446 1.0 0.0 1.0 0.0 0.0 0.0 1.0 0.0 0.0 1.0 0
0.0 0.088 1.0 0.11 0.0 0.25 0.667 0.667 0.0 0.518 1.0 0.333 1.0 0.0 1.0 0.0 1.0 0.0 1.0 0.0 0
0.333 0.118 1.0 0.088 0.25 0.25 0.667 1.0 0.333 0.446 1.0 0.0 0.0 0.0 0.0 1.0 1.0 1.0 0.0 1.0 0
1.0 0.088 1.0 0.104 1.0 0.5 1.0 0.0 0.667 0.125 1.0 0.333 0.0 0.0 0.0 0.0 1.0 1.0 0.0 1.0 0
0.0 0.029 0.5 0.066 0.0 0.5 0.667 0.333 0.0 0.304 0.0 0.0 0.0 1.0 0.0 0.0 1.0 1.0 1.0 0.0 0
1.0 0.029 0.0 0.011 0.0 1.0 1.0 1.0 0.667 0.357 1.0 0.0 0.0 0.0 0.0 0.0 1.0 1.0 1.0 0.0 0
0.667 0.118 0.25 0.011 0.75 0.5 0.333 0.667 0.0 0.411 1.0 0.333 0.0 0.0 0.0 0.0 1.0 0.0 0.0 1.0 0
0.333 0.044 0.5 0.121 0.0 0.5 0.667 0.333 0.0 0.268 1.0 0.0 0.0 0.0 0.0 0.0 0.0 1.0 0.0 1.0 0
0.0 0.824 0.75 0.363 0.0 1.0 0.667 1.0 1.0 0.786 1.0 0.333 0.0 1.0 0.0 0.0 1.0 1.0 0.0 1.0 1
0.333 0.206 0.5 0.093 0.75 0.25 1.0 0.667 0.0 0.304 0.0 0.0 0.0 1.0 0.0 0.0 1.0 1.0 0.0 1.0 0
0.0 0.294 0.5 0.209 0.0 0.5 0.667 0.333 0.667 0.143 0.5 0.0 0.0 0.0 0.0 0.0 1.0 1.0 0.0 1.0 0
0.333 0.206 0.5 0.313 0.25 0.5 0.667 0.333 0.667 0.196 1.0 0.333 0.0 1.0 1.0 0.0 1.0 1.0 0.0 1.0 0
1.0 0.118 1.0 0.06 1.0 1.0 0.667 1.0 1.0 0.679 1.0 0.0 0.0 0.0 0.0 0.0 1.0 0.0 1.0 0.0 0
0.667 0.118 0.5 0.071 0.0 0.25 0.333 0.0 0.333 0.25 0.0 0.0 0.0 1.0 0.0 0.0 1.0 1.0 0.0 0.0 0
0.333 0.603 1.0 0.247 0.0 0.25 0.667 0.333 0.333 0.107 1.0 0.333 0.0 0.0 0.0 0.0 1.0 1.0 1.0 0.0 1
1.0 0.647 1.0 0.324 0.0 0.5 0.667 0.667 1.0 0.214 0.0 0.0 0.0 1.0 0.0 0.0 1.0 0.0 0.0 1.0 0
0.667 0.206 0.5 0.104 0.0 0.5 0.667 0.333 0.0 0.321 0.5 0.0 0.0 0.0 0.0 0.0 0.0 1.0 0.0 1.0 1
0.667 0.088 0.5 0.055 0.0 0.5 0.667 0.333 0.667 0.321 1.0 0.0 0.0 1.0 0.0 0.0 1.0 1.0 0.0 1.0 0
0.333 0.074 0.5 0.016 0.0 0.5 0.667 0.667 0.0 0.089 1.0 0.0 0.0 0.0 0.0 0.0 1.0 1.0 0.0 1.0 0
1.0 0.382 0.5 0.115 0.5 1.0 0.667 0.333 0.667 0.196 0.0 0.0 0.0 0.0 0.0 0.0 1.0 1.0 0.0 0.0 0
0.333 0.118 0.5 0.055 0.5 0.5 0.0 0.0 0.667 0.125 1.0 0.0 0.0 1.0 0.0 0.0 1.0 1.0 0.0 1.0 0
0.333 0.206 0.75 0.33 0.0 0.5 0.667 1.0 0.0 0.446 1.0 0.0 1.0 1.0 0.0 0.0 1.0 1.0 1.0 0.0 0
0.0 0.382 1.0 0.33 0.25 0.75 1.0 1.0 0.667 0.089 1.0 0.333 0.0 0.0 0.0 1.0 1.0 0.0 0.0 1.0 0
0.0 0.647 1.0 0.324 0.0 1.0 0.333 1.0 1.0 0.696 0.5 0.333 0.0 0.0 0.0 1.0 1.0 0.0 1.0 0.0 1
1.0 0.103 1.0 0.066 0.0 0.25 0.333 1.0 0.667 0.286 1.0 0.333 0.0 0.0 1.0 0.0 1.0 1.0 0.0 0.0 0
1.0 0.471 0.5 0.115 0.5 1.0 0.667 1.0 0.667 0.357 1.0 0.0 0.0 0.0 0.0 0.0 1.0 1.0 0.0 1.0 0
0.0 0.029 0.5 0.066 0.5 0.0 0.333 0.333 0.333 0.071 1.0 0.0 0.0 1.0 0.0 1.0 1.0 0.0 0.0 0.0 0
1.0 0.103 1.0 0.385 0.0 0.5 0.667 1.0 0.333 0.357 1.0 0.333 0.0 0.0 1.0 0.0 1.0 1.0 1.0 0.0 0
1.0 0.118 0.5 0.104 0.25 0.5 0.333 0.333 0.0 0.161 1.0 0.0 0.0 0.0 0.0 0.0 0.0 1.0 0.0 1.0 0
0.333 0.294 0.75 0.115 1.0 0.25 0.667 0.333 0.333 0.179 0.0 0.0 0.0 0.0 0.0 0.0 1.0 1.0 1.0 0.0 0
0.333 0.338 0.75 0.319 0.0 1.0 0.667 0.333 0.667 0.196 1.0 0.333 0.0 1.0 0.0 1.0 1.0 1.0 0.0 0.0 0
1.0 0.118 0.5 0.06 0.0 0.5 0.667 0.333 0.667 0.107 1.0 0.0 0.0 0.0 0.0 0.0 1.0 1.0 0.0 1.0 0
1.0 0.206 0.5 0.176 1.0 0.5 0.667 0.0 0.333 0.214 1.0 0.0 0.0 1.0 0.0 1.0 1.0 1.0 0.0 1.0 0
0.333 0.471 0.75 0.11 0.0 1.0 0.667 1.0 1.0 0.679 0.0 0.333 0.0 1.0 1.0 0.0 1.0 0.0 0.0 1.0 1
1.0 0.029 0.25 0.033 1.0 0.5 0.667 0.333 0.0 0.125 0.5 0.0 1.0 0.0 1.0 0.0 0.0 1.0 1.0 0.0 0
0.333 0.118 0.5 0.346 1.0 0.0 0.667 0.0 1.0 0.589 1.0 0.0 0.0 1.0 0.0 0.0 1.0 1.0 0.0 0.0 1
1.0 0.471 1.0 0.516 0.0 0.5 0.333 0.333 0.667 0.214 0.5 0.333 0.0 0.0 0.0 0.0 1.0 1.0 0.0 1.0 0
0.667 0.206 0.5 0.099 0.0 1.0 0.333 0.333 0.667 0.071 1.0 0.0 0.0 0.0 1.0 0.0 1.0 1.0 0.0 0.0 0
0.0 0.471 1.0 0.33 0.0 0.25 0.333 1.0 1.0 0.071 1.0 0.333 0.0 1.0 0.0 0.0 0.0 0.0 1.0 0.0 1
0.333 0.074 0.5 0.066 0.0 0.5 1.0 0.0 0.0 0.143 0.0 0.0 0.0 1.0 0.0 0.0 1.0 1.0 0.0 1.0 0
0.333 0.162 1.0 0.071 1.0 1.0 0.667 1.0 0.0 0.554 1.0 0.333 0.0 1.0 0.0 0.0 0.0 1.0 0.0 1.0 0
0.333 0.471 0.0 0.099 0.0 1.0 0.667 1.0 1.0 0.75 1.0 0.0 0.0 1.0 0.0 0.0 1.0 0.0 0.0 0.0 1
0.333 0.647 0.0 0.78 0.0 0.5 0.667 0.333 0.667 0.107 1.0 0.0 0.0 1.0 0.0 0.0 1.0 1.0 0.0 1.0 1
1.0 0.294 0.5 0.165 0.0 0.25 0.333 1.0 0.333 0.125 1.0 0.0 0.0 1.0 0.0 0.0 1.0 1.0 0.0 1.0 0
1.0 0.338 0.5 0.275 1.0 1.0 0.667 1.0 0.333 0.518 1.0 1.0 1.0 1.0 0.0 0.0 1.0 1.0 0.0 1.0 0
1.0 0.118 0.5 0.11 0.0 0.25 0.333 0.333 0.667 0.179 0.0 0.0 0.0 0.0 0.0 0.0 1.0 1.0 0.0 1.0 0
0.333 0.118 0.5 0.044 0.75 0.5 1.0 0.0 0.0 0.054 1.0 0.0 0.0 0.0 1.0 0.0 1.0 1.0 0.0 1.0 0
1.0 0.471 0.5 0.088 0.0 0.5 0.667 1.0 1.0 0.321 0.5 0.0 0.0 1.0 0.0 0.0 1.0 0.0 0.0 1.0 1
1.0 0.471 0.5 0.121 1.0 0.5 0.333 1.0 0.667 0.107 1.0 0.0 0.0 0.0 0.0 0.0 1.0 1.0 0.0 1.0 0
1.0 0.471 0.5 0.434 0.0 0.5 0.333 0.333 0.333 0.196 0.0 0.0 0.0 0.0 0.0 1.0 1.0 1.0 0.0 1.0 0
1.0 0.044 1.0 0.027 1.0 1.0 0.667 0.333 0.333 0.482 1.0 0.333 0.0 1.0 0.0 0.0 1.0 0.0 1.0 0.0 0
0.0 0.059 1.0 0.055 0.0 1.0 0.667 1.0 1.0 0.571 0.0 0.333 1.0 1.0 0.0 0.0 1.0 0.0 0.0 0.0 0
0.333 0.559 1.0 0.319 0.0 0.75 0.333 0.0 0.0 0.393 0.0 0.333 0.0 0.0 0.0 0.0 1.0 1.0 1.0 0.0 0
0.0 0.471 0.5 0.099 1.0 1.0 0.667 1.0 1.0 0.375 1.0 0.0 0.0 1.0 0.0 0.0 1.0 1.0 0.0 0.0 1
0.0 0.118 1.0 0.071 0.0 1.0 0.667 1.0 1.0 0.839 1.0 0.333 0.0 0.0 0.0 1.0 1.0 0.0 0.0 0.0 0
0.0 0.559 0.5 0.209 0.0 0.25 0.667 0.667 0.667 0.268 1.0 0.0 0.0 0.0 0.0 0.0 1.0 1.0 0.0 1.0 1
0.333 0.103 0.75 0.253 0.0 0.75 0.667 1.0 0.333 0.571 1.0 0.0 0.0 0.0 0.0 0.0 1.0 1.0 0.0 1.0 0
1.0 0.735 0.0 0.505 1.0 0.5 0.667 0.333 0.333 0.357 1.0 0.0 1.0 0.0 0.0 1.0 1.0 1.0 1.0 0.0 0
0.333 0.382 0.5 0.198 0.0 0.25 1.0 0.0 0.333 0.054 1.0 0.0 0.0 0.0 0.0 0.0 1.0 1.0 0.0 1.0 0
1.0 0.294 0.5 0.313 1.0 0.25 0.333 0.0 0.667 0.446 1.0 0.333 0.0 1.0 0.0 0.0 1.0 1.0 0.0 1.0 1
1.0 0.162 0.5 0.055 0.5 1.0 0.667 0.667 0.333 0.5 0.5 0.0 0.0 1.0 0.0 0.0 1.0 1.0 0.0 1.0 0
1.0 0.206 0.5 0.077 0.25 0.5 0.333 1.0 0.333 0.089 1.0 0.0 0.0 0.0 0.0 0.0 1.0 0.0 1.0 0.0 0
0.0 0.294 0.5 0.088 0.0 1.0 0.333 1.0 0.0 0.696 1.0 0.0 0.0 1.0 0.0 0.0 0.0 1.0 1.0 0.0 0
0.0 0.088 0.5 0.115 0.0 1.0 0.667 1.0 0.0 0.589 1.0 0.0 0.0 0.0 0.0 0.0 1.0 1.0 1.0 0.0 0
1.0 0.118 1.0 0.066 0.0 0.5 0.333 0.333 0.0 0.179 1.0 0.333 0.0 1.0 0.0 0.0 0.0 1.0 0.0 0.0 0
0.333 0.206 1.0 0.06 0.0 0.25 0.333 0.0 0.333 0.143 1.0 0.333 0.0 0.0 0.0 0.0 1.0 1.0 0.0 1.0 0
0.333 0.471 0.5 0.681 0.25 0.5 0.667 1.0 1.0 0.5 1.0 0.0 1.0 1.0 0.0 0.0 1.0 0.0 0.0 1.0 1
0.0 0.206 0.5 0.11 0.25 0.75 0.667 0.667 0.667 0.196 1.0 0.0 1.0 1.0 1.0 0.0 1.0 1.0 0.0 0.0 0
0.0 0.118 0.0 0.049 0.0 0.75 0.667 0.667 0.0 0.161 1.0 0.333 0.0 0.0 0.0 0.0 1.0 1.0 0.0 1.0 1
1.0 0.118 1.0 0.022 0.0 1.0 0.667 1.0 0.0 0.661 1.0 0.0 0.0 0.0 0.0 0.0 1.0 1.0 0.0 1.0 0
0.0 0.118 1.0 0.066 0.0 1.0 0.667 0.667 0.0 0.625 1.0 0.0 0.0 0.0 0.0 1.0 1.0 1.0 0.0 1.0 0
1.0 0.118 1.0 0.033 1.0 1.0 0.333 0.667 0.333 0.25 0.0 0.0 1.0 0.0 0.0 0.0 1.0 1.0 1.0 0.0 1
0.667 0.294 1.0 0.187 1.0 1.0 0.667 1.0 1.0 0.018 1.0 0.333 0.0 0.0 0.0 0.0 0.0 0.0 0.0 1.0 0
0.333 0.118 0.5 0.06 0.75 1.0 0.667 1.0 0.0 0.625 1.0 0.0 0.0 1.0 1.0 0.0 1.0 1.0 0.0 1.0 0
0.333 0.735 0.0 0.863 0.0 0.25 0.667 1.0 1.0 0.696 1.0 0.0 0.0 1.0 0.0 0.0 1.0 0.0 0.0 1.0 1
1.0 0.118 1.0 0.099 1.0 0.75 0.333 0.333 0.667 0.75 1.0 0.0 0.0 0.0 0.0 0.0 1.0 1.0 0.0 1.0 0
0.333 0.206 0.5 0.132 0.25 0.5 0.667 1.0 0.667 0.268 1.0 0.0 0.0 0.0 0.0 0.0 1.0 1.0 0.0 1.0 0
0.333 0.471 1.0 0.115 0.0 1.0 0.667 1.0 0.0 0.304 1.0 0.0 0.0 0.0 0.0 0.0 1.0 1.0 0.0 1.0 0
0.333 0.235 0.75 0.379 1.0 0.75 0.667 1.0 0.333 0.304 0.0 0.333 1.0 1.0 0.0 1.0 1.0 0.0 0.0 0.0 0
1.0 0.294 0.5 0.071 0.25 1.0 1.0 1.0 0.0 0.393 1.0 0.0 0.0 0.0 1.0 0.0 1.0 0.0 1.0 0.0 0
0.333 0.471 0.5 0.115 0.0 0.75 0.667 1.0 0.667 0.089 1.0 0.0 0.0 0.0 0.0 0.0 1.0 0.0 0.0 1.0 0
1.0 0.029 0.75 0.038 0.0 0.5 0.333 0.333 0.0 0.089 1.0 0.0 0.0 0.0 0.0 0.0 1.0 1.0 0.0 1.0 0
0.333 0.074 1.0 0.093 0.0 0.75 0.667 0.667 0.667 0.286 1.0 0.0 0.0 1.0 0.0 0.0 1.0 0.0 0.0 1.0 0
1.0 0.118 0.5 0.121 1.0 0.25 1.0 1.0 0.667 0.125 1.0 0.0 0.0 1.0 0.0 1.0 1.0 0.0 0.0 1.0 0
0.333 0.294 1.0 0.643 0.0 0.5 0.667 0.667 0.667 0.357 1.0 0.333 1.0 1.0 0.0 0.0 0.0 1.0 0.0 0.0 1
1.0 0.206 0.25 0.346 0.0 1.0 0.667 1.0 1.0 0.357 0.0 0.333 1.0 1.0 1.0 0.0 1.0 1.0 0.0 0.0 1
0.333 0.118 0.5 0.324 0.0 0.75 0.667 0.333 0.667 0.232 1.0 0.0 0.0 0.0 1.0 0.0 1.0 1.0 0.0 1.0 0
0.0 0.294 0.5 0.412 1.0 0.25 0.333 0.333 0.333 0.196 1.0 0.0 0.0 1.0 0.0 0.0 1.0 1.0 0.0 1.0 0
0.333 0.147 0.5 0.066 0.5 1.0 1.0 0.333 0.0 0.286 1.0 0.0 0.0 1.0 0.0 0.0 1.0 1.0 0.0 1.0 0
0.333 0.029 0.75 0.066 0.25 1.0 0.0 0.333 0.667 0.214 0.0 0.333 1.0 0.0 0.0 0.0 1.0 1.0 0.0 1.0 0
0.667 0.162 0.5 0.011 0.0 0.25 0.333 1.0 0.333 0.071 1.0 0.0 0.0 1.0 0.0 0.0 1.0 0.0 0.0 1.0 0
0.333 0.206 0.5 0.335 0.0 0.75 0.667 0.667 0.0 0.161 1.0 0.0 0.0 0.0 1.0 0.0 1.0 0.0 1.0 0.0 0
1.0 0.471 1.0 0.423 0.0 0.5 0.333 0.333 0.0 0.107 0.5 0.333 0.0 1.0 1.0 0.0 1.0 1.0 0.0 1.0 1
0.0 0.118 0.5 0.082 0.5 1.0 1.0 0.0 0.0 0.286 1.0 0.0 0.0 0.0 0.0 0.0 1.0 1.0 0.0 1.0 0
1.0 0.647 1.0 0.187 1.0 1.0 0.667 0.0 0.0 0.5 1.0 0.0 0.0 1.0 0.0 0.0 1.0 1.0 0.0 1.0 0
0.0 0.559 0.5 0.385 1.0 0.75 0.333 0.667 0.667 0.196 1.0 0.0 0.0 1.0 0.0 0.0 1.0 1.0 0.0 0.0 1
0.0 0.088 1.0 0.104 1.0 0.25 0.333 0.667 0.0 0.143 1.0 0.333 0.0 0.0 0.0 0.0 0.0 0.0 0.0 1.0 0
0.0 0.426 1.0 0.225 0.5 0.5 0.333 1.0 0.667 0.071 1.0 0.333 0.0 0.0 0.0 0.0 1.0 1.0 0.0 1.0 1
0.333 0.118 1.0 0.121 0.5 0.75 0.0 0.667 0.667 0.304 1.0 0.0 0.0 1.0 1.0 0.0 1.0 1.0 0.0 0.0 0
0.0 0.25 0.5 0.088 0.0 0.5 0.333 0.333 0.0 0.107 1.0 0.333 0.0 1.0 0.0 0.0 1.0 1.0 0.0 1.0 1
1.0 0.294 1.0 0.203 0.0 1.0 0.333 0.333 0.667 0.393 1.0 0.333 0.0 1.0 0.0 1.0 1.0 0.0 0.0 0.0 0
1.0 0.118 0.5 0.088 0.0 0.5 0.667 0.333 0.0 0.089 1.0 0.0 0.0 0.0 0.0 0.0 1.0 0.0 1.0 0.0 0
0.667 0.088 1.0 0.033 0.0 1.0 0.667 1.0 1.0 0.786 1.0 0.333 0.0 1.0 1.0 0.0 1.0 0.0 0.0 1.0 0
0.333 0.206 0.5 0.093 1.0 0.25 0.333 0.667 0.0 0.143 1.0 0.0 0.0 0.0 0.0 0.0 1.0 0.0 0.0 1.0 1
0.0 0.118 1.0 0.104 0.0 0.5 0.667 0.333 0.333 0.196 1.0 0.333 0.0 0.0 1.0 0.0 1.0 1.0 0.0 1.0 0
0.0 0.118 0.5 0.027 0.0 0.5 1.0 0.333 0.0 0.375 1.0 0.0 0.0 0.0 0.0 0.0 1.0 1.0 1.0 0.0 0
0.333 0.118 0.5 0.022 0.0 0.5 0.667 0.333 0.667 0.196 1.0 0.0 0.0 0.0 0.0 0.0 1.0 1.0 0.0 1.0 1
0.333 0.118 1.0 0.093 0.0 0.0 0.667 0.333 0.667 0.268 1.0 0.333 0.0 1.0 0.0 1.0 1.0 1.0 0.0 0.0 0
0.0 0.118 1.0 0.181 0.0 0.5 0.333 0.333 0.0 0.179 1.0 0.333 0.0 0.0 1.0 0.0 0.0 1.0 0.0 1.0 1
0.333 0.647 0.5 0.456 1.0 0.75 0.333 0.333 0.667 0.089 1.0 0.0 0.0 0.0 1.0 0.0 1.0 1.0 0.0 1.0 0
0.0 0.471 0.75 0.368 0.0 0.5 0.667 0.667 0.333 0.179 0.5 0.0 0.0 1.0 0.0 0.0 1.0 1.0 0.0 1.0 1
1.0 0.162 0.5 0.137 0.0 0.25 0.667 0.667 0.333 0.143 0.0 0.333 0.0 0.0 0.0 0.0 1.0 1.0 1.0 0.0 0
1.0 0.206 0.5 0.099 0.0 0.5 0.667 1.0 1.0 0.5 0.0 0.333 0.0 0.0 0.0 0.0 1.0 0.0 0.0 1.0 0
1.0 0.824 0.5 0.544 0.25 0.75 0.333 1.0 0.0 0.036 1.0 0.0 0.0 1.0 0.0 0.0 1.0 1.0 0.0 1.0 0
1.0 0.118 1.0 0.055 1.0 1.0 0.333 0.333 0.0 0.339 1.0 0.333 0.0 1.0 0.0 0.0 1.0 1.0 0.0 1.0 0
1.0 0.338 0.75 0.462 0.75 0.5 0.667 0.333 0.667 0.143 1.0 0.333 0.0 0.0 0.0 1.0 1.0 1.0 0.0 1.0 0
0.333 0.118 0.5 0.033 0.5 0.5 0.667 0.667 0.0 0.839 1.0 0.0 0.0 0.0 0.0 0.0 1.0 1.0 1.0 0.0 1
0.333 0.162 1.0 0.137 1.0 0.75 0.667 0.333 0.0 0.286 0.0 0.667 0.0 1.0 0.0 0.0 0.0 1.0 0.0 1.0 0
0.667 0.118 0.5 0.093 0.0 0.5 0.333 0.333 0.667 0.446 1.0 0.0 0.0 1.0 0.0 0.0 1.0 0.0 1.0 0.0 0
0.667 0.029 0.5 0.027 0.75 0.25 1.0 0.333 0.0 0.143 1.0 0.0 0.0 0.0 1.0 0.0 1.0 1.0 0.0 0.0 0
0.333 0.471 0.5 0.253 0.0 0.25 0.333 0.0 1.0 0.196 1.0 0.0 0.0 1.0 0.0 0.0 1.0 1.0 0.0 0.0 0
0.0 0.338 0.5 0.176 0.0 0.5 0.667 0.333 0.667 0.143 1.0 0.0 0.0 0.0 0.0 0.0 1.0 1.0 0.0 0.0 0
0.0 0.206 0.5 0.126 0.0 0.5 0.667 0.333 0.667 0.054 1.0 0.0 0.0 0.0 0.0 0.0 1.0 1.0 0.0 1.0 1
1.0 0.25 1.0 0.115 0.0 0.25 0.333 1.0 0.333 0.071 1.0 0.0 0.0 1.0 0.0 0.0 1.0 1.0 0.0 1.0 0
0.333 0.647 0.25 0.187 0.25 0.75 0.667 0.333 0.667 0.196 1.0 0.0 0.0 0.0 0.0 0.0 1.0 1.0 0.0 1.0 0
0.0 0.029 1.0 0.038 0.0 1.0 0.333 1.0 1.0 0.357 1.0 0.333 0.0 1.0 1.0 0.0 1.0 1.0 0.0 1.0 0
1.0 0.118 1.0 0.027 0.25 0.75 0.333 0.667 0.667 0.571 1.0 0.333 0.0 1.0 1.0 0.0 1.0 1.0 0.0 1.0 0
0.0 0.471 1.0 0.286 0.0 0.5 0.667 0.333 0.333 0.161 1.0 0.333 0.0 0.0 0.0 0.0 0.0 1.0 0.0 1.0 0
1.0 0.206 1.0 0.077 0.75 1.0 0.667 1.0 0.667 0.482 1.0 0.333 0.0 0.0 0.0 0.0 1.0 1.0 0.0 1.0 0
1.0 0.029 0.5 0.06 0.25 1.0 0.667 1.0 1.0 0.411 0.0 0.0 1.0 1.0 0.0 0.0 1.0 0.0 0.0 1.0 0
1.0 0.088 0.5 0.093 0.0 0.5 0.667 1.0 0.333 0.339 1.0 0.0 0.0 1.0 0.0 0.0 1.0 1.0 0.0 1.0 0
0.667 0.471 0.5 0.308 0.0 0.5 0.667 0.0 0.667 0.089 1.0 0.0 0.0 0.0 0.0 0.0 1.0 1.0 0.0 1.0 0
0.333 0.294 1.0 0.418 0.75 1.0 0.333 1.0 1.0 0.179 1.0 0.0 0.0 0.0 0.0 1.0 1.0 0.0 0.0 1.0 0
0.333 0.294 0.75 0.374 0.25 0.75 0.667 1.0 0.667 0.304 1.0 0.0 0.0 1.0 0.0 0.0 1.0 0.0 0.0 0.0 0
0.0 0.118 0.5 0.06 0.0 0.5 0.333 1.0 0.667 0.018 1.0 0.0 0.0 0.0 0.0 0.0 1.0 0.0 0.0 1.0 1
0.0 0.074 1.0 0.06 0.25 1.0 0.667 1.0 0.0 0.518 1.0 0.333 1.0 0.0 0.0 0.0 0.0 1.0 0.0 1.0 0
0.0 0.118 0.25 0.005 0.0 1.0 1.0 0.0 0.667 0.464 0.0 0.0 0.0 0.0 0.0 0.0 1.0 1.0 1.0 0.0 0
0.333 0.294 0.5 0.181 0.25 0.75 0.667 0.667 0.667 0.339 0.0 0.333 0.0 1.0 1.0 0.0 1.0 1.0 0.0 1.0 0
1.0 0.029 1.0 0.093 1.0 0.5 0.667 0.333 0.0 0.268 1.0 0.333 1.0 0.0 0.0 0.0 1.0 1.0 1.0 0.0 0
1.0 0.294 1.0 0.148 0.25 1.0 0.667 1.0 0.0 0.304 1.0 0.0 1.0 1.0 0.0 0.0 1.0 1.0 0.0 1.0 0
1.0 0.206 1.0 0.049 0.0 0.25 0.333 0.0 0.333 0.196 1.0 0.333 0.0 0.0 1.0 0.0 1.0 1.0 0.0 1.0 0
1.0 0.162 0.5 0.06 0.5 0.75 0.667 0.667 0.333 0.304 1.0 0.333 0.0 1.0 0.0 0.0 1.0 1.0 0.0 1.0 0
0.333 0.088 0.5 0.39 0.0 0.0 0.667 1.0 1.0 0.911 0.0 0.0 0.0 1.0 1.0 0.0 1.0 0.0 0.0 0.0 0
1.0 0.471 0.5 0.038 0.5 1.0 0.667 1.0 0.333 0.304 1.0 0.0 0.0 0.0 1.0 0.0 1.0 1.0 0.0 1.0 0
1.0 0.029 0.5 0.154 0.5 0.5 0.667 0.333 0.667 0.232 1.0 0.0 0.0 1.0 0.0 0.0 1.0 1.0 0.0 1.0 0
0.0 0.206 0.5 0.049 0.0 0.0 0.333 0.333 0.667 0.25 1.0 0.0 0.0 0.0 0.0 0.0 1.0 1.0 0.0 1.0 1
0.333 0.103 0.5 0.077 0.75 0.25 0.333 0.0 0.0 0.018 1.0 0.0 0.0 0.0 0.0 0.0 1.0 1.0 0.0 1.0 0
1.0 0.294 0.5 0.209 0.0 0.75 0.333 1.0 0.333 0.107 1.0 0.0 0.0 1.0 0.0 0.0 1.0 0.0 0.0 1.0 0
0.333 0.294 1.0 0.093 0.0 1.0 0.0 1.0 0.0 0.214 1.0 0.333 0.0 1.0 0.0 0.0 1.0 1.0 0.0 1.0 1
0.0 0.162 0.0 0.044 0.0 1.0 0.667 0.667 0.667 0.25 1.0 0.333 1.0 0.0 1.0 0.0 1.0 0.0 0.0 1.0 1
1.0 0.118 0.5 0.033 0.0 0.5 0.333 0.0 0.0 0.125 1.0 0.0 0.0 1.0 0.0 0.0 1.0 1.0 0.0 1.0 0
0.333 0.294 0.75 0.104 0.0 0.0 0.333 0.333 0.333 0.268 1.0 0.0 0.0 1.0 0.0 0.0 1.0 1.0 0.0 0.0 1
0.333 0.059 0.5 0.066 0.0 0.5 0.667 0.333 0.0 0.25 1.0 0.0 0.0 0.0 0.0 0.0 0.0 1.0 0.0 1.0 0
0.0 0.25 0.75 0.176 0.0 0.25 0.667 0.0 0.333 0.125 1.0 0.333 0.0 0.0 0.0 0.0 1.0 1.0 0.0 1.0 1
1.0 0.382 0.25 0.401 1.0 0.0 0.333 0.0 0.0 0.607 0.0 0.0 0.0 1.0 0.0 1.0 1.0 1.0 0.0 0.0 1
0.0 0.118 0.5 0.132 0.0 0.5 0.0 0.0 0.667 0.411 1.0 0.0 0.0 0.0 0.0 0.0 1.0 1.0 0.0 1.0 0
0.0 0.029 1.0 0.005 0.5 1.0 0.667 1.0 0.667 0.589 1.0 0.333 0.0 0.0 0.0 0.0 1.0 1.0 0.0 1.0 0
1.0 0.118 0.5 0.099 0.0 0.75 0.667 0.333 0.667 0.214 1.0 0.333 1.0 1.0 0.0 0.0 1.0 0.0 0.0 0.0 0
0.0 0.25 1.0 0.022 0.0 1.0 0.667 1.0 0.0 0.821 1.0 0.333 0.0 0.0 1.0 0.0 1.0 1.0 0.0 1.0 0
1.0 0.471 0.75 0.516 0.0 0.25 0.0 0.0 0.667 0.161 1.0 0.333 0.0 0.0 0.0 0.0 1.0 1.0 0.0 1.0 1
0.333 0.471 0.75 0.236 0.0 0.5 0.0 0.333 0.0 0.196 0.5 0.333 0.0 1.0 0.0 0.0 1.0 1.0 0.0 0.0 1
0.0 0.25 0.25 0.077 1.0 0.5 0.667 0.333 0.333 0.375 1.0 0.333 1.0 0.0 1.0 0.0 1.0 1.0 1.0 0.0 1
1.0 0.294 1.0 0.198 0.75 0.5 0.667 1.0 0.0 0.554 1.0 0.0 0.0 1.0 0.0 0.0 1.0 1.0 0.0 1.0 0
0.333 0.206 1.0 0.038 0.0 1.0 0.667 1.0 0.667 0.304 0.0 0.0 1.0 1.0 1.0 0.0 1.0 1.0 0.0 1.0 1
1.0 0.162 1.0 0.066 0.0 0.5 0.667 0.333 0.333 0.214 1.0 0.333 0.0 0.0 0.0 0.0 1.0 1.0 0.0 1.0 0
0.333 0.074 0.25 0.269 0.0 1.0 0.333 1.0 1.0 0.982 0.0 0.0 1.0 1.0 0.0 1.0 1.0 0.0 0.0 0.0 1
0.333 0.176 1.0 0.055 0.0 0.0 0.667 0.667 0.667 0.875 1.0 0.667 0.0 1.0 1.0 0.0 1.0 0.0 0.0 0.0 0
0.0 0.118 0.5 0.027 0.25 0.75 1.0 0.0 0.333 0.018 1.0 0.0 0.0 0.0 0.0 0.0 1.0 1.0 0.0 1.0 1
0.333 0.206 0.0 0.165 0.0 0.5 0.333 1.0 0.667 0.25 0.0 0.333 0.0 1.0 0.0 0.0 1.0 1.0 0.0 1.0 0
1.0 0.294 0.5 0.242 0.75 0.5 0.667 0.667 0.333 0.625 1.0 0.667 0.0 1.0 0.0 0.0 1.0 1.0 0.0 0.0 1
0.333 0.647 0.0 0.198 0.25 0.75 0.667 1.0 1.0 0.268 1.0 0.0 1.0 0.0 0.0 0.0 1.0 0.0 1.0 0.0 1
0.333 0.338 0.5 0.203 0.0 0.5 0.667 0.333 0.667 0.304 1.0 0.0 1.0 1.0 0.0 0.0 1.0 1.0 0.0 1.0 1
1.0 0.029 0.5 0.104 0.0 0.75 1.0 0.333 0.0 0.179 1.0 0.0 0.0 0.0 0.0 0.0 1.0 0.0 0.0 1.0 0
0.333 0.603 0.5 0.154 0.25 0.5 0.667 1.0 0.333 0.036 1.0 0.0 0.0 0.0 0.0 0.0 0.0 0.0 0.0 1.0 1
0.333 0.074 1.0 0.071 0.0 1.0 0.333 0.667 0.667 0.268 1.0 0.333 0.0 1.0 0.0 0.0 1.0 1.0 0.0 0.0 1
1.0 0.029 1.0 0.066 0.0 0.5 0.333 0.0 0.667 0.161 1.0 0.333 0.0 1.0 0.0 0.0 1.0 1.0 0.0 1.0 0
0.333 0.118 0.5 0.044 0.25 0.25 0.333 1.0 0.667 0.143 0.0 1.0 0.0 0.0 0.0 0.0 1.0 0.0 0.0 1.0 1
0.333 0.294 0.5 0.143 1.0 1.0 0.667 1.0 1.0 0.304 0.0 0.0 0.0 1.0 0.0 1.0 1.0 0.0 0.0 1.0 0
0.333 0.206 0.75 0.225 0.0 1.0 0.0 0.667 1.0 0.375 1.0 0.0 0.0 1.0 0.0 0.0 1.0 1.0 0.0 0.0 1
1.0 0.074 1.0 0.038 0.5 1.0 0.667 0.333 0.667 0.589 1.0 0.333 0.0 1.0 0.0 0.0 1.0 1.0 0.0 1.0 0
0.0 0.118 0.5 0.055 0.0 0.5 1.0 0.667 0.0 0.143 1.0 0.0 0.0 0.0 1.0 0.0 1.0 1.0 1.0 0.0 0
1.0 0.338 0.75 0.269 0.0 0.75 0.667 1.0 0.667 0.125 1.0 0.333 0.0 0.0 0.0 0.0 1.0 1.0 0.0 1.0 0
0.0 0.118 0.5 0.038 0.0 0.75 1.0 1.0 0.333 0.036 1.0 0.0 0.0 0.0 0.0 0.0 1.0 0.0 0.0 1.0 1
1.0 0.118 1.0 0.071 0.0 1.0 0.667 0.0 0.0 0.339 1.0 0.333 1.0 0.0 1.0 0.0 1.0 1.0 1.0 0.0 0
0.0 0.382 1.0 0.571 0.0 1.0 0.667 1.0 1.0 0.339 1.0 0.667 1.0 1.0 0.0 1.0 1.0 0.0 0.0 0.0 0
1.0 0.118 1.0 0.093 0.0 1.0 0.667 1.0 0.0 0.429 1.0 0.667 0.0 1.0 0.0 0.0 1.0 1.0 0.0 1.0 0
0.333 0.118 1.0 0.066 0.0 0.75 0.667 0.667 0.333 0.125 1.0 0.0 0.0 0.0 0.0 0.0 1.0 1.0 0.0 1.0 0
0.0 0.294 0.5 0.352 0.0 0.5 1.0 0.333 0.667 0.036 0.5 0.0 0.0 0.0 0.0 0.0 1.0 1.0 1.0 0.0 0
1.0 0.118 0.5 0.066 0.75 0.75 0.667 0.333 0.333 0.643 1.0 0.0 0.0 0.0 0.0 1.0 1.0 1.0 0.0 1.0 0
1.0 0.074 1.0 0.159 1.0 0.5 0.667 0.333 0.0 0.25 1.0 0.333 1.0 0.0 0.0 0.0 1.0 1.0 0.0 1.0 0
1.0 0.471 0.5 0.198 1.0 1.0 0.333 1.0 0.0 0.464 1.0 0.0 0.0 1.0 0.0 0.0 1.0 1.0 1.0 0.0 0
0.0 0.338 0.0 0.28 0.0 0.0 0.667 1.0 0.333 0.554 0.5 0.333 0.0 1.0 0.0 0.0 1.0 1.0 0.0 1.0 1
0.667 0.382 0.75 0.093 0.0 1.0 0.667 1.0 0.0 0.839 1.0 0.0 0.0 1.0 0.0 0.0 1.0 1.0 0.0 0.0 1
1.0 0.471 1.0 0.17 1.0 1.0 0.667 0.333 0.667 0.571 1.0 0.0 0.0 1.0 0.0 0.0 1.0 1.0 0.0 1.0 0
0.333 0.029 1.0 0.038 1.0 0.75 0.333 0.667 0.333 0.357 1.0 0.333 0.0 0.0 0.0 0.0 1.0 1.0 1.0 0.0 0
0.0 0.206 0.0 0.159 0.0 0.75 0.667 0.0 0.333 0.214 0.0 0.0 0.0 1.0 0.0 0.0 1.0 1.0 0.0 1.0 0
0.667 0.471 0.5 0.203 0.0 0.5 0.667 0.333 0.0 0.071 1.0 0.0 0.0 1.0 0.0 0.0 1.0 1.0 0.0 1.0 0
0.0 0.294 0.5 0.154 0.0 0.5 0.0 0.333 0.0 0.089 1.0 0.0 0.0 0.0 0.0 0.0 1.0 0.0 1.0 0.0 0
1.0 0.088 0.5 0.066 0.0 0.5 0.333 1.0 0.667 0.804 1.0 0.0 0.0 1.0 1.0 0.0 1.0 1.0 0.0 1.0 0
0.333 0.118 0.5 0.022 0.0 0.25 1.0 0.0 0.0 0.125 0.0 0.0 0.0 0.0 0.0 0.0 0.0 1.0 1.0 0.0 0
0.0 0.118 0.5 0.055 1.0 0.5 0.333 1.0 0.333 0.071 0.0 0.0 0.0 1.0 0.0 0.0 1.0 0.0 0.0 1.0 0
1.0 0.118 0.5 0.027 0.0 0.5 0.667 0.333 0.0 0.196 0.0 0.333 0.0 0.0 0.0 0.0 1.0 1.0 0.0 1.0 0
1.0 0.294 0.75 0.154 1.0 0.5 0.667 1.0 0.0 0.232 1.0 0.333 1.0 1.0 0.0 0.0 1.0 1.0 0.0 1.0 0
1.0 0.162 0.5 0.247 0.0 0.5 0.667 0.333 0.667 0.196 1.0 0.0 0.0 1.0 0.0 1.0 1.0 1.0 0.0 1.0 0
1.0 0.471 0.0 0.132 0.0 0.5 0.667 0.333 0.667 0.143 1.0 0.333 0.0 0.0 0.0 0.0 1.0 1.0 0.0 1.0 0
0.333 0.647 0.5 0.593 0.75 0.75 0.667 0.333 1.0 0.143 0.0 0.333 0.0 1.0 0.0 0.0 0.0 1.0 0.0 1.0 1
0.0 0.118 0.5 0.423 0.0 1.0 0.667 1.0 1.0 0.607 1.0 0.0 0.0 1.0 0.0 0.0 1.0 0.0 0.0 0.0 1
1.0 0.074 0.5 0.071 0.0 0.75 0.667 0.333 0.667 0.054 1.0 0.0 0.0 0.0 0.0 0.0 1.0 1.0 0.0 1.0 1
0.0 0.294 0.5 0.159 0.0 0.25 0.667 0.0 1.0 0.054 0.0 0.0 0.0 0.0 0.0 0.0 1.0 0.0 0.0 1.0 0
0.667 0.471 0.5 0.22 0.0 0.5 0.667 0.333 0.667 0.125 1.0 0.0 0.0 0.0 0.0 0.0 1.0 1.0 0.0 1.0 1
1.0 0.074 0.5 0.126 0.5 1.0 0.667 1.0 1.0 0.571 1.0 0.0 0.0 0.0 1.0 0.0 1.0 0.0 1.0 0.0 0
1.0 0.118 0.5 0.104 0.25 0.75 0.667 0.0 1.0 0.286 1.0 0.0 0.0 0.0 0.0 0.0 1.0 1.0 0.0 1.0 0
0.333 0.206 0.5 0.038 0.0 0.5 1.0 0.333 0.0 0.107 1.0 0.0 0.0 0.0 0.0 0.0 0.0 1.0 1.0 0.0 0
1.0 0.0 1.0 0.071 0.0 0.75 0.667 0.0 0.0 0.411 1.0 0.667 1.0 0.0 0.0 0.0 1.0 1.0 1.0 0.0 0
0.0 0.294 0.5 0.088 0.0 0.0 0.667 0.333 0.667 0.196 0.5 0.0 1.0 0.0 0.0 0.0 1.0 1.0 0.0 0.0 1
0.333 0.029 0.5 0.791 1.0 0.0 0.667 0.333 0.333 0.071 1.0 0.0 0.0 1.0 1.0 0.0 1.0 1.0 0.0 0.0 1
0.333 0.25 0.5 0.143 0.25 1.0 0.0 0.333 0.667 0.75 0.0 0.333 0.0 0.0 0.0 0.0 1.0 0.0 1.0 0.0 1
1.0 0.118 1.0 0.06 0.0 0.5 0.333 0.333 0.333 0.286 1.0 0.333 0.0 0.0 0.0 0.0 1.0 1.0 0.0 1.0 0
0.0 0.382 0.5 0.126 0.0 1.0 0.667 0.667 0.333 0.357 1.0 0.0 1.0 0.0 0.0 0.0 0.0 1.0 0.0 1.0 0
0.0 0.294 0.5 0.038 1.0 1.0 0.333 0.333 0.667 0.179 0.0 0.0 0.0 0.0 1.0 0.0 1.0 1.0 0.0 1.0 1
1.0 0.029 0.5 0.077 0.0 0.75 0.667 0.333 0.333 0.571 1.0 0.0 1.0 0.0 0.0 0.0 1.0 1.0 0.0 1.0 0
0.0 0.647 0.0 0.242 0.0 1.0 0.667 1.0 1.0 0.089 1.0 0.333 1.0 0.0 0.0 1.0 1.0 0.0 0.0 1.0 1
1.0 0.118 1.0 0.055 0.0 0.5 0.333 0.333 0.0 0.143 1.0 0.333 0.0 0.0 0.0 0.0 1.0 1.0 0.0 1.0 0
1.0 0.118 0.25 0.176 0.5 0.5 0.333 0.667 0.0 0.286 1.0 0.0 1.0 0.0 0.0 0.0 1.0 1.0 1.0 0.0 0
1.0 0.294 0.5 0.06 0.0 0.75 0.667 0.0 0.0 0.107 1.0 0.0 0.0 1.0 0.0 0.0 1.0 1.0 0.0 1.0 0
1.0 0.118 1.0 0.027 0.0 1.0 0.667 1.0 0.0 0.589 1.0 0.667 0.0 0.0 0.0 0.0 1.0 1.0 0.0 1.0 0
1.0 0.029 0.0 0.055 0.25 0.5 0.667 0.0 1.0 0.286 0.0 0.0 0.0 0.0 1.0 0.0 1.0 0.0 0.0 1.0 0
0.667 0.294 0.5 0.093 0.0 0.5 0.667 0.333 0.0 0.125 1.0 0.0 0.0 0.0 0.0 0.0 1.0 1.0 0.0 1.0 0
1.0 0.206 0.5 0.011 0.0 0.0 0.333 1.0 0.0 0.054 1.0 0.0 0.0 0.0 0.0 0.0 0.0 0.0 0.0 1.0 1
0.0 0.029 1.0 0.027 0.75 0.75 0.333 1.0 0.0 0.357 1.0 0.333 0.0 1.0 1.0 0.0 1.0 1.0 1.0 0.0 0
0.667 0.118 0.5 0.115 0.0 0.5 0.333 0.333 0.667 0.482 1.0 0.0 0.0 0.0 0.0 0.0 1.0 1.0 1.0 0.0 0
0.333 0.382 0.5 0.11 0.0 0.5 0.333 0.333 1.0 0.089 0.0 0.0 0.0 0.0 1.0 0.0 0.0 1.0 0.0 1.0 1
1.0 0.294 0.75 0.22 0.25 0.5 0.667 0.667 0.333 0.286 1.0 0.333 0.0 0.0 0.0 0.0 1.0 1.0 0.0 1.0 0
0.333 0.074 0.5 0.099 1.0 0.75 0.667 0.0 0.667 0.089 1.0 0.0 0.0 1.0 0.0 0.0 1.0 1.0 0.0 1.0 0
0.333 0.824 0.75 0.396 1.0 0.5 0.667 0.0 0.0 0.143 1.0 0.0 0.0 0.0 0.0 0.0 1.0 1.0 1.0 0.0 0
1.0 0.294 1.0 0.137 0.0 0.5 0.667 0.333 0.0 0.286 1.0 0.333 0.0 0.0 0.0 0.0 1.0 1.0 1.0 0.0 0
0.0 0.118 0.25 0.104 0.0 0.5 0.0 0.0 1.0 0.179 1.0 0.0 0.0 0.0 0.0 0.0 1.0 0.0 0.0 1.0 1
1.0 0.162 0.5 0.198 0.25 0.25 0.333 1.0 0.667 0.071 1.0 0.0 0.0 1.0 0.0 1.0 1.0 1.0 0.0 1.0 0
1.0 0.103 1.0 0.055 0.25 0.0 0.333 1.0 0.0 0.679 1.0 0.667 0.0 0.0 0.0 0.0 1.0 1.0 1.0 0.0 0
0.0 0.118 0.5 0.082 0.0 0.5 0.667 0.333 0.0 0.143 1.0 0.0 0.0 0.0 0.0 0.0 1.0 1.0 0.0 1.0 0
0.0 0.294 0.5 0.077 0.0 1.0 0.333 1.0 0.667 0.643 1.0 0.0 0.0 0.0 0.0 0.0 1.0 1.0 0.0 1.0 0
0.0 0.206 1.0 0.28 0.0 1.0 0.667 1.0 1.0 0.304 1.0 0.667 0.0 1.0 1.0 0.0 1.0 0.0 0.0 0.0 0
1.0 0.118 1.0 0.137 0.0 1.0 0.333 1.0 1.0 0.679 0.0 0.667 0.0 0.0 0.0 0.0 1.0 0.0 1.0 0.0 0
1.0 0.088 1.0 0.055 0.0 1.0 0.667 1.0 0.0 0.232 1.0 0.333 1.0 0.0 1.0 0.0 1.0 1.0 1.0 0.0 0
0.333 0.162 0.5 0.033 0.0 1.0 0.667 0.667 0.667 0.321 1.0 0.0 1.0 0.0 0.0 0.0 1.0 1.0 0.0 1.0 1
1.0 0.471 1.0 0.335 1.0 1.0 0.667 1.0 0.0 0.304 1.0 0.333 0.0 0.0 0.0 0.0 1.0 1.0 0.0 1.0 0
1.0 0.294 0.5 0.071 0.0 0.25 0.333 0.667 0.667 0.339 0.5 0.0 0.0 1.0 0.0 0.0 1.0 1.0 0.0 1.0 0
0.0 0.147 0.5 0.484 0.0 1.0 0.0 1.0 0.333 0.464 1.0 0.0 0.0 1.0 1.0 0.0 1.0 1.0 0.0 0.0 1
1.0 0.294 0.5 0.044 1.0 1.0 0.667 0.333 0.667 0.107 1.0 0.333 0.0 0.0 0.0 0.0 1.0 1.0 0.0 1.0 0
1.0 0.206 0.5 0.137 1.0 0.75 0.667 0.667 0.333 0.232 1.0 0.0 0.0 0.0 1.0 0.0 1.0 1.0 0.0 1.0 0
1.0 0.118 1.0 0.066 0.5 0.75 0.333 1.0 0.667 0.321 1.0 0.0 0.0 1.0 0.0 0.0 1.0 0.0 0.0 1.0 0
0.333 0.647 0.25 0.659 1.0 0.0 0.667 1.0 1.0 0.304 1.0 0.0 0.0 1.0 1.0 0.0 0.0 0.0 0.0 0.0 0
0.333 0.647 0.5 0.159 0.0 0.75 0.667 1.0 0.0 0.161 1.0 0.333 0.0 0.0 0.0 0.0 1.0 1.0 0.0 1.0 1
0.0 0.382 0.5 0.648 0.0 0.25 0.0 0.0 1.0 0.268 1.0 0.0 0.0 1.0 0.0 0.0 1.0 1.0 1.0 0.0 1
1.0 0.074 0.5 0.137 0.0 0.5 0.667 0.333 0.0 0.232 1.0 0.0 1.0 0.0 0.0 0.0 1.0 1.0 0.0 1.0 0
1.0 0.206 1.0 0.121 0.0 0.5 0.333 0.333 0.667 0.125 1.0 0.333 0.0 0.0 0.0 0.0 1.0 1.0 0.0 1.0 0
0.0 0.118 0.5 0.06 1.0 1.0 0.0 1.0 0.333 0.536 1.0 0.0 0.0 1.0 0.0 0.0 1.0 1.0 1.0 0.0 0
1.0 0.029 0.5 0.242 0.0 0.25 0.333 1.0 0.333 0.232 1.0 0.0 0.0 0.0 0.0 0.0 1.0 1.0 0.0 1.0 1
1.0 0.294 0.5 0.093 0.25 0.5 0.667 1.0 0.667 0.179 1.0 0.0 0.0 1.0 0.0 0.0 1.0 0.0 0.0 0.0 0
1.0 0.162 1.0 0.176 0.75 1.0 0.667 1.0 1.0 0.071 1.0 0.333 0.0 1.0 0.0 1.0 1.0 0.0 0.0 1.0 0
1.0 0.118 0.5 0.077 0.0 0.5 0.667 0.333 0.0 0.554 1.0 0.0 0.0 0.0 0.0 0.0 1.0 1.0 0.0 1.0 0
0.667 0.206 0.25 0.066 1.0 0.75 0.667 1.0 0.667 0.536 0.0 0.0 0.0 0.0 0.0 0.0 1.0 1.0 1.0 0.0 0
1.0 0.162 1.0 0.071 1.0 1.0 0.667 1.0 0.333 0.786 1.0 0.0 0.0 0.0 0.0 0.0 1.0 1.0 0.0 1.0 0
0.333 0.294 1.0 0.203 0.25 0.25 0.0 0.333 0.667 0.321 1.0 0.0 0.0 1.0 1.0 0.0 1.0 1.0 0.0 1.0 0
0.0 0.632 0.5 0.577 0.0 0.25 0.333 0.0 0.0 0.286 1.0 0.0 0.0 1.0 1.0 0.0 1.0 1.0 1.0 0.0 0
0.0 0.647 0.5 0.253 0.0 0.75 0.667 0.667 0.333 0.125 1.0 0.0 1.0 0.0 0.0 1.0 1.0 1.0 0.0 1.0 0
0.333 0.647 0.75 0.407 0.25 0.0 0.667 1.0 1.0 0.214 1.0 0.0 0.0 1.0 0.0 0.0 1.0 0.0 0.0 0.0 0
0.333 0.118 0.5 0.049 0.0 0.5 0.333 1.0 0.0 0.536 1.0 0.333 0.0 1.0 0.0 0.0 0.0 1.0 0.0 1.0 0
0.0 0.294 0.75 0.044 0.0 0.25 1.0 1.0 0.0 0.518 0.5 0.0 0.0 0.0 0.0 0.0 1.0 1.0 0.0 1.0 1
1.0 0.118 0.5 0.049 0.0 0.5 1.0 0.333 0.0 0.125 1.0 0.0 0.0 1.0 0.0 0.0 1.0 1.0 0.0 1.0 0
0.333 0.471 0.5 0.505 0.0 0.25 1.0 1.0 0.667 0.161 1.0 0.0 0.0 1.0 0.0 1.0 1.0 0.0 0.0 0.0 1
0.0 0.294 1.0 0.341 0.0 1.0 0.333 1.0 1.0 0.446 1.0 0.333 1.0 1.0 0.0 1.0 1.0 0.0 0.0 0.0 0
0.667 0.559 1.0 0.253 0.0 1.0 0.667 1.0 1.0 0.661 1.0 0.0 0.0 0.0 0.0 1.0 1.0 0.0 0.0 1.0 0
1.0 0.647 1.0 0.407 1.0 1.0 0.0 0.333 0.667 0.482 0.0 0.333 1.0 0.0 0.0 0.0 1.0 1.0 0.0 0.0 0
0.333 0.647 0.5 0.538 0.0 0.25 0.333 0.333 0.667 0.125 1.0 0.0 0.0 1.0 0.0 0.0 1.0 1.0 0.0 1.0 1
1.0 0.118 0.5 0.247 1.0 0.25 0.333 1.0 0.667 0.018 1.0 0.0 0.0 0.0 0.0 1.0 1.0 0.0 0.0 1.0 0
1.0 0.088 0.5 0.06 1.0 1.0 0.667 0.333 0.333 0.464 1.0 0.0 0.0 0.0 1.0 0.0 0.0 1.0 1.0 0.0 0
1.0 0.206 0.5 0.126 0.0 0.5 0.667 1.0 0.0 0.429 1.0 0.0 0.0 1.0 0.0 0.0 1.0 1.0 0.0 1.0 0
0.333 0.25 1.0 0.137 0.75 0.75 0.667 0.333 0.667 0.232 1.0 0.333 0.0 1.0 0.0 0.0 1.0 1.0 0.0 1.0 0
1.0 0.029 0.5 0.027 0.0 0.0 0.333 1.0 0.0 0.625 1.0 0.0 0.0 1.0 1.0 0.0 1.0 1.0 0.0 0.0 0
0.333 0.471 0.0 0.198 0.0 0.5 0.333 0.0 0.667 0.411 1.0 0.0 0.0 1.0 0.0 0.0 1.0 1.0 0.0 1.0 1
0.667 0.294 1.0 0.06 1.0 0.75 0.667 0.333 0.0 0.321 0.0 0.333 1.0 0.0 1.0 0.0 1.0 1.0 1.0 0.0 1
0.0 0.088 1.0 0.044 0.0 0.75 0.667 0.667 0.333 0.536 1.0 0.333 0.0 1.0 1.0 0.0 0.0 1.0 0.0 1.0 0
1.0 0.647 1.0 0.544 0.5 0.5 0.667 0.333 1.0 0.446 0.0 0.0 0.0 0.0 1.0 0.0 1.0 0.0 0.0 1.0 1
1.0 0.029 0.5 0.071 0.75 0.5 0.0 0.333 0.0 0.25 1.0 0.0 0.0 0.0 0.0 0.0 1.0 1.0 0.0 1.0 0
1.0 0.382 0.5 0.253 1.0 0.75 0.333 1.0 0.333 0.089 0.5 0.0 0.0 0.0 0.0 1.0 1.0 0.0 1.0 0.0 0
0.0 0.118 0.5 0.027 0.25 0.25 1.0 0.667 1.0 0.25 1.0 0.0 0.0 1.0 0.0 0.0 1.0 1.0 1.0 0.0 1
0.333 0.059 0.5 0.055 0.0 0.5 0.333 1.0 0.0 0.089 1.0 0.0 0.0 0.0 0.0 0.0 1.0 1.0 0.0 1.0 1
0.333 0.074 0.5 0.005 0.0 0.5 1.0 1.0 0.0 0.054 1.0 0.0 0.0 0.0 1.0 0.0 1.0 0.0 1.0 0.0 0
0.333 0.647 0.5 0.286 1.0 0.0 0.667 1.0 1.0 0.375 0.0 0.0 0.0 1.0 0.0 0.0 1.0 0.0 0.0 0.0 0
1.0 0.294 0.5 0.291 0.25 0.5 0.667 0.0 0.667 0.107 0.5 0.0 0.0 0.0 0.0 0.0 1.0 1.0 0.0 1.0 0
0.667 0.294 0.5 0.192 0.0 0.25 0.333 1.0 0.667 0.125 1.0 0.0 0.0 0.0 0.0 0.0 1.0 1.0 0.0 1.0 0
0.333 0.118 0.5 0.027 0.0 0.75 1.0 0.667 0.667 0.107 0.0 0.0 0.0 0.0 1.0 0.0 1.0 1.0 1.0 0.0 1
0.667 0.0 0.5 0.071 1.0 0.25 0.667 0.333 0.0 0.179 1.0 0.0 1.0 0.0 1.0 0.0 1.0 1.0 1.0 0.0 0
0.0 0.471 0.25 0.137 0.0 1.0 0.667 1.0 0.667 0.214 0.0 0.0 0.0 0.0 0.0 0.0 1.0 1.0 0.0 1.0 1
0.0 0.118 0.5 0.027 0.0 0.5 0.667 0.667 0.333 0.339 1.0 0.0 1.0 0.0 0.0 0.0 0.0 1.0 1.0 0.0 0
0.333 0.294 0.5 0.231 1.0 0.5 0.333 1.0 0.333 0.518 1.0 0.0 0.0 1.0 0.0 0.0 1.0 1.0 1.0 0.0 0
1.0 0.118 1.0 0.027 0.0 0.5 0.667 0.333 0.667 0.232 1.0 0.333 0.0 0.0 0.0 0.0 1.0 1.0 0.0 1.0 0
0.0 0.162 0.75 0.187 0.0 1.0 0.333 1.0 0.333 0.143 1.0 0.333 0.0 0.0 0.0 0.0 1.0 1.0 1.0 0.0 0
0.333 0.382 1.0 0.22 0.0 0.0 1.0 0.333 0.667 0.161 1.0 0.333 0.0 0.0 1.0 0.0 1.0 1.0 0.0 0.0 1
0.0 0.294 0.5 0.093 0.0 0.25 0.0 0.667 0.333 0.232 1.0 0.0 0.0 0.0 0.0 0.0 1.0 1.0 0.0 1.0 1
0.0 0.294 0.5 0.148 0.0 0.75 0.667 0.0 1.0 0.268 1.0 0.0 0.0 1.0 0.0 1.0 1.0 0.0 0.0 0.0 0
0.0 0.206 0.5 0.137 0.75 0.5 0.667 0.333 0.667 0.161 1.0 0.0 0.0 0.0 0.0 0.0 1.0 1.0 0.0 1.0 0
1.0 0.206 1.0 0.044 0.0 0.5 0.333 0.667 0.0 0.304 1.0 0.333 0.0 0.0 1.0 0.0 1.0 1.0 0.0 1.0 0
0.0 0.059 1.0 0.176 0.0 0.75 0.667 1.0 0.0 0.357 1.0 0.333 0.0 0.0 1.0 0.0 1.0 1.0 1.0 0.0 0
1.0 0.118 1.0 0.308 1.0 1.0 0.667 1.0 0.333 0.536 1.0 0.0 0.0 1.0 0.0 0.0 1.0 0.0 0.0 1.0 0
1.0 0.294 0.5 0.071 0.75 0.75 0.333 0.667 0.667 0.268 1.0 0.0 1.0 1.0 1.0 0.0 1.0 1.0 0.0 1.0 0
0.667 0.471 0.5 0.236 0.0 1.0 0.667 0.333 0.667 0.214 1.0 0.0 0.0 0.0 0.0 0.0 1.0 1.0 0.0 1.0 0
0.333 0.029 0.5 0.049 0.0 1.0 0.667 1.0 0.667 0.161 1.0 0.0 1.0 0.0 0.0 0.0 1.0 1.0 0.0 1.0 0
0.0 0.294 1.0 0.352 0.0 0.0 0.667 1.0 1.0 1.0 1.0 0.333 0.0 1.0 0.0 1.0 1.0 0.0 0.0 0.0 0
1.0 0.206 1.0 0.093 0.25 0.5 0.333 0.333 0.0 0.196 1.0 0.333 0.0 0.0 0.0 0.0 1.0 1.0 0.0 1.0 1
0.333 0.824 0.5 0.396 0.25 0.25 0.333 0.333 0.333 0.089 1.0 0.0 0.0 0.0 1.0 0.0 1.0 1.0 0.0 0.0 1
1.0 0.647 1.0 0.626 0.25 0.5 0.333 1.0 0.667 0.089 0.0 0.333 0.0 0.0 0.0 1.0 1.0 0.0 1.0 0.0 1
0.0 0.294 0.0 0.214 0.0 1.0 0.667 1.0 1.0 0.071 0.0 0.333 1.0 0.0 0.0 0.0 1.0 0.0 0.0 1.0 1
0.0 0.029 1.0 0.176 0.0 0.5 0.0 1.0 0.0 0.446 1.0 0.0 0.0 1.0 0.0 0.0 1.0 0.0 0.0 0.0 1
0.333 0.132 0.5 0.104 0.0 0.25 0.333 1.0 0.333 0.071 1.0 0.0 0.0 0.0 0.0 0.0 0.0 1.0 1.0 0.0 0
0.0 0.162 0.5 0.06 1.0 0.5 0.333 0.333 0.667 0.089 1.0 0.0 0.0 0.0 0.0 0.0 1.0 0.0 0.0 1.0 1
0.0 0.294 0.5 0.22 0.0 0.5 0.667 1.0 0.333 0.161 1.0 0.0 0.0 0.0 0.0 0.0 1.0 1.0 0.0 1.0 0
0.333 0.088 0.5 0.071 0.0 0.5 0.0 0.333 0.667 0.214 1.0 0.0 0.0 0.0 0.0 0.0 1.0 1.0 1.0 0.0 0
0.333 0.294 1.0 0.302 0.0 0.25 0.333 1.0 1.0 0.089 1.0 0.333 0.0 1.0 0.0 0.0 1.0 0.0 0.0 1.0 0
0.0 0.25 0.5 0.187 0.0 0.75 0.333 1.0 0.667 0.125 1.0 0.0 0.0 0.0 0.0 0.0 1.0 0.0 1.0 0.0 0
0.333 0.206 0.5 0.165 0.5 0.25 1.0 0.667 0.0 0.107 1.0 0.0 0.0 0.0 0.0 0.0 1.0 0.0 0.0 1.0 0
0.333 0.206 0.5 0.231 0.0 1.0 0.667 0.0 0.0 0.25 0.0 0.0 0.0 1.0 0.0 0.0 0.0 1.0 0.0 0.0 0
0.667 0.088 0.5 0.203 0.0 0.25 0.667 0.0 0.333 0.321 1.0 0.0 1.0 0.0 1.0 0.0 0.0 1.0 1.0 0.0 0
1.0 0.162 1.0 0.071 0.0 0.5 0.333 0.333 0.667 0.429 1.0 0.0 0.0 0.0 0.0 0.0 1.0 1.0 1.0 0.0 0
0.333 0.132 1.0 0.038 0.0 0.25 0.667 1.0 0.0 0.071 1.0 0.333 0.0 0.0 0.0 0.0 0.0 1.0 0.0 1.0 0
0.333 0.294 0.5 0.198 0.5 0.0 0.333 1.0 1.0 0.071 1.0 0.0 0.0 0.0 0.0 0.0 1.0 0.0 0.0 0.0 0
1.0 0.029 0.75 0.082 0.25 0.5 0.667 0.333 0.0 0.268 1.0 0.333 0.0 0.0 0.0 0.0 1.0 1.0 1.0 0.0 0
0.333 0.074 1.0 0.049 0.75 1.0 0.667 0.667 1.0 0.232 1.0 0.333 1.0 0.0 0.0 0.0 1.0 0.0 0.0 1.0 1
1.0 0.074 0.5 0.055 0.0 0.25 0.333 1.0 0.0 0.071 1.0 0.0 0.0 1.0 0.0 0.0 1.0 0.0 0.0 1.0 0
0.333 0.074 0.5 0.044 0.0 0.5 0.333 0.333 0.667 0.179 1.0 0.0 0.0 0.0 0.0 0.0 1.0 1.0 0.0 1.0 1
1.0 0.206 1.0 0.165 1.0 0.0 0.667 1.0 1.0 0.339 1.0 0.0 0.0 1.0 0.0 1.0 1.0 1.0 0.0 0.0 0
0.0 0.118 0.0 0.33 0.0 0.5 0.667 0.333 0.333 0.161 1.0 0.333 0.0 1.0 0.0 0.0 1.0 0.0 0.0 1.0 1
1.0 0.088 0.5 0.027 0.5 1.0 0.667 1.0 1.0 0.482 1.0 0.0 0.0 1.0 0.0 0.0 1.0 0.0 0.0 1.0 0
0.333 0.294 0.5 0.055 0.0 0.25 0.667 0.333 0.0 0.071 0.5 0.0 0.0 0.0 1.0 0.0 1.0 1.0 1.0 0.0 1
1.0 0.118 1.0 0.115 1.0 1.0 0.667 1.0 0.0 0.536 1.0 0.0 0.0 1.0 0.0 0.0 0.0 1.0 0.0 1.0 0
1.0 0.471 0.75 0.236 0.0 0.5 0.667 0.333 0.667 0.125 1.0 0.333 0.0 1.0 0.0 0.0 1.0 1.0 0.0 0.0 1
1.0 0.118 0.5 0.033 0.0 0.5 1.0 0.333 0.0 0.161 1.0 0.0 0.0 0.0 0.0 0.0 1.0 1.0 0.0 1.0 0
0.0 0.382 0.5 0.121 0.0 0.75 0.333 1.0 0.0 0.071 1.0 0.0 0.0 0.0 0.0 0.0 1.0 0.0 0.0 1.0 1
0.333 0.206 0.5 0.055 1.0 0.5 0.667 1.0 1.0 0.75 1.0 0.0 0.0 0.0 0.0 0.0 1.0 0.0 0.0 1.0 0
0.667 0.118 0.5 0.176 1.0 1.0 0.667 0.667 0.667 0.321 1.0 0.0 0.0 0.0 0.0 0.0 1.0 1.0 0.0 0.0 0
0.667 0.118 0.75 0.11 0.0 0.5 0.333 0.333 0.667 0.304 0.5 0.333 0.0 1.0 1.0 0.0 1.0 1.0 0.0 1.0 0
1.0 0.029 0.5 0.088 0.0 0.5 1.0 0.333 0.333 0.036 1.0 0.0 0.0 0.0 0.0 0.0 1.0 0.0 0.0 1.0 0
0.0 0.206 0.5 0.126 0.0 0.0 0.667 0.0 0.667 0.107 1.0 0.0 0.0 0.0 0.0 0.0 1.0 1.0 0.0 0.0 1
1.0 0.118 0.5 0.071 0.0 0.75 0.667 1.0 0.667 0.304 1.0 0.0 0.0 1.0 0.0 0.0 1.0 1.0 0.0 1.0 0
1.0 0.206 1.0 0.198 0.0 0.75 0.667 0.0 0.667 0.143 1.0 0.333 0.0 0.0 0.0 1.0 1.0 1.0 0.0 1.0 0
0.0 0.206 0.5 0.187 0.0 0.25 0.333 1.0 0.667 0.054 1.0 0.0 0.0 0.0 0.0 0.0 1.0 0.0 0.0 1.0 0
0.0 0.471 0.5 0.176 0.0 1.0 0.667 0.333 0.667 0.411 1.0 0.0 1.0 0.0 0.0 0.0 1.0 1.0 0.0 1.0 1
0.333 0.206 0.5 0.154 0.0 0.75 0.333 1.0 0.0 0.375 1.0 0.0 0.0 0.0 0.0 0.0 1.0 0.0 0.0 1.0 0
1.0 0.471 0.5 0.159 1.0 0.5 0.667 1.0 0.0 0.304 1.0 0.0 0.0 0.0 1.0 0.0 1.0 1.0 0.0 1.0 0
1.0 0.206 1.0 0.324 0.0 1.0 0.667 1.0 0.667 0.25 1.0 0.333 0.0 1.0 0.0 0.0 1.0 1.0 0.0 1.0 0
1.0 0.088 1.0 0.104 0.0 0.25 0.333 0.667 0.0 0.071 1.0 0.333 0.0 0.0 0.0 0.0 1.0 0.0 0.0 1.0 0
1.0 0.824 1.0 0.747 1.0 1.0 0.667 1.0 1.0 0.786 0.0 0.0 0.0 1.0 1.0 0.0 1.0 0.0 0.0 0.0 0
0.333 0.824 0.25 0.802 0.25 1.0 0.333 1.0 1.0 0.732 0.0 0.333 0.0 1.0 0.0 0.0 1.0 0.0 0.0 0.0 1
0.0 0.647 0.25 0.412 0.0 0.75 0.333 1.0 0.667 0.321 1.0 0.0 0.0 0.0 0.0 0.0 0.0 0.0 0.0 1.0 1
1.0 0.206 0.75 0.115 0.0 0.0 1.0 0.667 0.0 0.268 1.0 0.333 0.0 0.0 0.0 0.0 1.0 1.0 0.0 1.0 0
1.0 0.044 0.75 0.033 1.0 1.0 0.667 1.0 1.0 0.304 1.0 0.0 0.0 0.0 0.0 0.0 1.0 0.0 0.0 1.0 0
0.333 0.471 0.5 0.775 0.0 1.0 0.667 0.333 1.0 0.679 1.0 0.0 0.0 1.0 1.0 0.0 1.0 0.0 0.0 0.0 1
1.0 0.029 1.0 0.011 0.25 0.5 0.333 1.0 0.667 0.589 1.0 0.333 0.0 0.0 1.0 0.0 1.0 1.0 1.0 0.0 0
0.0 0.235 0.5 0.11 1.0 0.75 0.667 1.0 0.667 0.357 1.0 0.0 0.0 1.0 0.0 0.0 1.0 1.0 0.0 1.0 0
0.333 0.206 0.5 0.703 0.0 0.0 0.333 1.0 1.0 0.339 1.0 0.0 0.0 1.0 0.0 1.0 1.0 0.0 0.0 0.0 1
1.0 0.265 0.5 0.06 1.0 0.75 0.333 1.0 0.333 0.107 1.0 0.0 0.0 0.0 1.0 0.0 1.0 0.0 0.0 1.0 0
0.667 0.118 0.5 0.06 0.0 0.25 0.667 0.0 0.0 0.125 1.0 0.0 0.0 0.0 1.0 0.0 1.0 1.0 0.0 1.0 0
1.0 0.382 0.75 0.225 0.25 0.5 0.667 0.333 0.333 0.125 1.0 0.333 0.0 0.0 0.0 0.0 1.0 1.0 1.0 0.0 0
1.0 0.206 1.0 0.11 0.0 0.5 0.333 0.0 0.667 0.107 1.0 0.333 0.0 0.0 0.0 0.0 1.0 1.0 0.0 1.0 0
1.0 0.206 0.5 0.049 1.0 0.25 0.333 0.333 0.0 0.036 1.0 0.0 0.0 1.0 0.0 0.0 1.0 0.0 0.0 1.0 0
0.333 0.206 1.0 0.396 0.0 0.0 0.667 1.0 0.333 0.375 0.5 0.333 0.0 1.0 0.0 0.0 1.0 1.0 0.0 0.0 0
0.333 0.162 1.0 0.115 0.5 0.5 0.667 1.0 0.667 0.143 0.0 0.0 0.0 0.0 0.0 0.0 1.0 1.0 0.0 1.0 0
1.0 0.074 0.5 0.066 0.0 0.75 0.333 0.333 0.667 0.143 1.0 0.333 0.0 0.0 0.0 0.0 1.0 1.0 0.0 1.0 0
1.0 0.206 0.5 0.088 0.0 0.5 1.0 0.333 0.333 0.196 1.0 0.0 0.0 1.0 1.0 0.0 1.0 1.0 0.0 0.0 0
0.333 0.118 0.5 0.044 0.75 0.25 0.333 1.0 0.0 0.0 1.0 0.0 0.0 0.0 0.0 0.0 1.0 0.0 1.0 0.0 0
0.0 0.471 0.5 0.165 0.0 0.75 0.667 1.0 1.0 0.357 0.0 0.0 1.0 1.0 1.0 0.0 1.0 0.0 0.0 0.0 0
0.0 0.029 1.0 0.099 0.0 0.75 0.333 1.0 0.667 0.214 1.0 0.0 0.0 0.0 0.0 0.0 1.0 1.0 0.0 1.0 0
1.0 0.074 1.0 0.121 0.0 0.0 0.667 0.667 0.667 0.214 1.0 0.0 0.0 0.0 0.0 0.0 1.0 1.0 0.0 0.0 0
0.333 0.515 0.75 0.637 0.25 0.75 0.667 0.667 1.0 0.232 1.0 0.0 0.0 1.0 0.0 0.0 1.0 0.0 0.0 1.0 0
0.0 0.118 0.5 0.132 0.0 0.0 0.333 1.0 1.0 0.643 1.0 0.0 0.0 0.0 0.0 0.0 1.0 0.0 0.0 0.0 0
0.0 0.471 1.0 0.115 0.0 0.5 1.0 0.333 0.333 0.482 1.0 0.333 0.0 1.0 0.0 0.0 1.0 1.0 0.0 1.0 0
0.333 0.118 0.5 0.055 0.0 1.0 0.0 0.0 0.0 0.482 1.0 0.333 0.0 0.0 1.0 0.0 1.0 0.0 0.0 1.0 1
1.0 0.294 1.0 0.071 0.75 0.5 0.333 0.0 0.0 0.429 1.0 0.333 0.0 0.0 0.0 0.0 1.0 1.0 1.0 0.0 0
1.0 0.206 0.5 0.071 0.0 0.25 1.0 1.0 0.0 0.357 1.0 0.0 0.0 1.0 0.0 0.0 1.0 1.0 0.0 1.0 0
0.333 0.206 1.0 0.093 1.0 0.5 1.0 1.0 0.0 0.161 0.0 0.333 0.0 0.0 0.0 0.0 1.0 1.0 0.0 1.0 0
1.0 0.294 0.75 0.462 0.0 0.25 0.667 0.333 0.667 0.143 0.0 0.333 0.0 1.0 0.0 0.0 1.0 1.0 0.0 1.0 1
1.0 0.147 0.75 0.033 0.0 0.5 0.667 0.333 0.667 0.143 1.0 0.333 0.0 0.0 1.0 0.0 1.0 1.0 1.0 0.0 0
0.333 0.206 0.75 0.148 1.0 1.0 0.667 1.0 0.667 0.429 1.0 0.0 1.0 0.0 1.0 0.0 1.0 1.0 0.0 1.0 0
0.333 0.294 0.5 0.099 0.0 0.25 1.0 0.0 0.333 0.054 1.0 0.0 0.0 1.0 0.0 0.0 1.0 1.0 0.0 1.0 1
1.0 0.294 1.0 0.11 1.0 0.75 0.667 1.0 0.667 0.429 1.0 0.333 1.0 1.0 0.0 1.0 1.0 1.0 0.0 1.0 0
0.0 0.162 0.5 0.049 0.0 0.25 1.0 0.333 0.0 0.143 1.0 0.0 0.0 0.0 0.0 0.0 1.0 1.0 0.0 1.0 0
1.0 0.294 0.5 0.165 0.5 1.0 0.0 0.333 0.667 0.125 1.0 0.0 0.0 1.0 0.0 0.0 1.0 1.0 0.0 0.0 0
0.667 0.118 1.0 0.038 0.5 0.75 1.0 0.333 0.0 0.161 1.0 0.667 0.0 1.0 1.0 0.0 1.0 1.0 0.0 1.0 1
0.333 0.294 0.5 0.099 0.0 1.0 0.333 1.0 0.667 0.018 1.0 0.0 0.0 1.0 0.0 0.0 1.0 1.0 0.0 1.0 0
1.0 0.426 1.0 0.39 0.0 0.75 0.667 0.333 0.667 0.286 1.0 0.333 0.0 1.0 0.0 1.0 1.0 1.0 0.0 0.0 0
1.0 0.118 1.0 0.115 0.0 0.0 0.667 0.333 0.667 0.411 0.5 0.333 0.0 1.0 0.0 0.0 1.0 1.0 0.0 0.0 1
1.0 0.088 0.5 0.077 0.5 0.5 0.667 0.333 1.0 0.375 1.0 0.0 1.0 0.0 1.0 0.0 1.0 0.0 1.0 0.0 0
0.0 0.294 0.5 0.066 1.0 0.5 0.333 0.333 0.333 0.286 1.0 0.0 0.0 0.0 1.0 0.0 1.0 1.0 0.0 1.0 1
1.0 0.471 1.0 0.308 0.0 1.0 0.667 0.333 0.333 0.286 1.0 0.333 1.0 1.0 0.0 1.0 1.0 1.0 0.0 1.0 0
0.0 0.118 0.5 0.132 0.0 0.25 0.667 0.0 0.0 0.25 1.0 0.0 1.0 0.0 1.0 0.0 1.0 1.0 1.0 0.0 1
0.0 0.206 0.75 0.456 1.0 0.5 0.333 0.333 0.667 0.071 1.0 0.333 0.0 1.0 0.0 0.0 1.0 0.0 0.0 1.0 0
1.0 0.25 0.5 0.143 0.5 0.75 0.333 0.333 0.667 0.214 0.0 0.0 0.0 0.0 1.0 0.0 1.0 1.0 0.0 0.0 0
0.333 0.206 0.5 0.044 1.0 0.5 0.333 0.333 0.333 0.25 1.0 0.0 0.0 0.0 1.0 0.0 1.0 1.0 0.0 1.0 1
1.0 0.162 0.5 0.165 0.75 0.75 0.333 0.667 0.667 0.018 1.0 0.0 0.0 0.0 1.0 0.0 1.0 0.0 0.0 1.0 0
0.333 0.118 0.5 0.099 1.0 0.5 0.667 0.333 0.667 0.196 1.0 0.0 0.0 0.0 0.0 1.0 1.0 1.0 0.0 1.0 0
0.333 0.118 1.0 0.044 0.0 0.75 0.667 0.667 0.0 0.5 1.0 0.333 1.0 0.0 1.0 0.0 1.0 1.0 1.0 0.0 0
1.0 0.25 0.75 0.077 0.25 0.75 0.667 0.667 0.0 0.268 1.0 0.333 0.0 0.0 0.0 0.0 1.0 1.0 0.0 0.0 0
0.333 0.118 0.5 0.143 1.0 1.0 0.333 0.333 0.333 0.107 0.0 0.0 0.0 1.0 0.0 0.0 1.0 1.0 0.0 1.0 1
0.333 0.206 0.5 0.143 0.0 0.5 1.0 0.667 0.667 0.036 1.0 0.0 0.0 1.0 0.0 1.0 1.0 0.0 0.0 1.0 0
1.0 0.353 1.0 0.137 0.0 1.0 0.667 0.333 0.667 0.179 1.0 0.333 0.0 0.0 0.0 0.0 1.0 1.0 0.0 1.0 0
1.0 0.206 1.0 0.049 0.75 0.5 0.667 0.667 0.0 0.482 1.0 0.333 0.0 0.0 0.0 0.0 1.0 1.0 0.0 1.0 0
1.0 0.074 0.5 0.06 0.0 1.0 0.667 1.0 0.667 0.018 1.0 0.0 0.0 0.0 0.0 0.0 1.0 1.0 0.0 1.0 0
0.0 0.206 1.0 0.055 0.0 0.0 0.333 1.0 1.0 0.643 1.0 0.667 1.0 0.0 0.0 0.0 1.0 0.0 0.0 0.0 1
1.0 0.015 0.5 0.176 0.0 0.75 0.667 1.0 0.0 0.982 1.0 0.0 0.0 0.0 0.0 0.0 1.0 1.0 1.0 0.0 0
0.333 0.294 0.5 0.61 0.0 0.5 0.667 0.667 0.667 0.179 0.0 0.333 0.0 1.0 0.0 0.0 0.0 1.0 0.0 0.0 1
0.0 0.029 1.0 0.093 0.0 0.0 0.667 1.0 1.0 0.304 1.0 0.667 0.0 1.0 0.0 0.0 1.0 0.0 0.0 0.0 0
1.0 0.294 1.0 0.104 0.0 0.5 0.0 0.333 0.0 0.25 1.0 0.333 0.0 1.0 0.0 0.0 1.0 1.0 0.0 1.0 0
0.0 0.074 0.5 0.104 0.0 0.5 0.667 0.333 0.0 0.107 1.0 0.0 0.0 0.0 0.0 0.0 1.0 1.0 0.0 1.0 0
0.333 0.118 0.5 0.071 1.0 0.5 1.0 0.0 0.0 0.107 1.0 0.0 0.0 1.0 0.0 0.0 1.0 1.0 0.0 1.0 1
1.0 0.029 0.5 0.027 0.5 0.75 1.0 1.0 0.0 0.071 1.0 0.0 0.0 0.0 0.0 0.0 1.0 0.0 1.0 0.0 0
1.0 0.294 1.0 0.06 0.75 1.0 0.333 1.0 0.0 0.321 1.0 0.333 0.0 1.0 1.0 0.0 1.0 1.0 0.0 1.0 0
0.0 0.559 1.0 0.176 0.0 0.0 0.667 1.0 0.667 0.821 1.0 0.333 0.0 0.0 0.0 0.0 0.0 1.0 0.0 0.0 0
0.667 0.118 0.25 0.022 0.0 0.25 0.333 0.0 0.0 0.125 1.0 0.0 0.0 0.0 0.0 0.0 1.0 1.0 0.0 0.0 1
1.0 0.118 0.5 0.093 0.0 1.0 0.667 1.0 0.667 0.357 1.0 0.0 0.0 1.0 1.0 0.0 1.0 1.0 0.0 0.0 0
0.0 0.118 0.5 0.077 0.0 0.5 0.333 0.667 0.333 0.196 1.0 0.0 0.0 0.0 0.0 0.0 0.0 1.0 0.0 1.0 0
0.333 0.235 0.75 0.132 0.0 0.5 0.667 0.667 0.667 0.179 0.0 0.333 0.0 1.0 0.0 0.0 1.0 1.0 0.0 1.0 0
1.0 0.118 0.5 0.027 0.0 1.0 0.667 1.0 0.667 0.393 0.0 0.0 1.0 0.0 0.0 0.0 1.0 1.0 1.0 0.0 1
0.333 0.647 1.0 0.269 0.0 0.5 0.333 0.667 0.667 0.196 1.0 0.0 0.0 1.0 0.0 0.0 1.0 1.0 0.0 0.0 1
1.0 0.074 1.0 0.055 1.0 1.0 0.333 1.0 0.333 0.393 1.0 0.333 0.0 0.0 0.0 0.0 1.0 0.0 1.0 0.0 0
0.0 0.471 0.5 0.088 0.0 0.25 0.333 1.0 0.667 0.268 1.0 0.0 0.0 1.0 1.0 0.0 1.0 1.0 0.0 1.0 1
0.333 0.044 0.5 0.132 0.0 0.5 0.667 0.333 0.0 0.286 1.0 0.0 0.0 0.0 0.0 0.0 0.0 1.0 0.0 1.0 0
0.667 0.118 0.5 0.066 1.0 1.0 0.333 1.0 0.0 0.643 1.0 0.0 0.0 1.0 0.0 0.0 1.0 1.0 0.0 0.0 0
0.333 0.162 0.75 0.071 0.75 0.5 1.0 0.667 0.333 0.75 0.5 0.333 0.0 0.0 0.0 0.0 1.0 1.0 0.0 1.0 1
1.0 0.471 1.0 0.599 1.0 0.5 0.667 0.333 0.667 0.196 1.0 0.0 0.0 1.0 0.0 1.0 1.0 1.0 0.0 0.0 0
1.0 0.029 0.5 0.016 0.0 0.5 0.333 0.0 0.0 0.179 1.0 0.0 0.0 0.0 0.0 0.0 1.0 1.0 0.0 1.0 0
1.0 0.118 0.0 0.143 0.0 1.0 0.667 1.0 0.333 0.268 1.0 0.333 0.0 0.0 0.0 0.0 1.0 1.0 0.0 1.0 0
1.0 0.294 0.5 0.137 0.0 1.0 0.667 1.0 0.667 0.286 1.0 0.0 0.0 1.0 0.0 1.0 1.0 1.0 0.0 0.0 0
0.0 0.294 0.5 0.253 0.0 0.75 0.667 0.667 0.333 0.214 1.0 0.0 0.0 1.0 1.0 0.0 0.0 1.0 0.0 1.0 1
1.0 0.294 0.5 0.137 0.0 0.25 0.333 0.0 1.0 0.179 1.0 0.0 0.0 1.0 0.0 1.0 1.0 1.0 0.0 0.0 0
0.0 0.103 1.0 0.203 0.0 0.5 0.667 0.333 0.0 0.304 1.0 0.333 1.0 0.0 1.0 0.0 1.0 0.0 0.0 1.0 0
0.0 0.118 0.5 0.176 0.0 1.0 0.667 1.0 1.0 0.286 1.0 0.0 0.0 1.0 0.0 1.0 1.0 0.0 0.0 1.0 1
0.0 0.029 0.5 0.005 0.0 0.25 0.333 0.0 0.0 0.143 1.0 0.0 0.0 0.0 0.0 0.0 1.0 1.0 0.0 1.0 0
1.0 0.206 0.5 0.242 0.0 0.25 0.667 0.333 0.667 0.232 1.0 0.0 0.0 1.0 0.0 0.0 1.0 1.0 0.0 1.0 0
0.0 0.471 0.5 0.187 0.0 0.5 0.667 0.333 0.333 0.321 1.0 0.0 1.0 0.0 0.0 0.0 0.0 1.0 0.0 1.0 0
0.0 0.162 0.5 0.082 0.0 0.25 0.667 0.667 0.0 0.304 1.0 0.0 0.0 0.0 1.0 0.0 1.0 1.0 0.0 1.0 0
0.333 0.118 0.5 0.154 0.0 0.25 0.333 0.0 0.0 0.268 1.0 0.0 0.0 0.0 0.0 0.0 1.0 0.0 0.0 0.0 0
0.333 0.118 0.5 0.033 1.0 1.0 0.667 1.0 0.333 0.339 1.0 0.333 0.0 0.0 0.0 0.0 1.0 1.0 0.0 1.0 0
1.0 0.206 0.5 0.099 0.0 0.75 0.667 0.0 0.667 0.268 0.5 0.333 0.0 1.0 0.0 0.0 1.0 1.0 0.0 1.0 0
0.0 0.294 0.5 0.148 0.0 0.5 0.667 1.0 1.0 0.786 0.0 0.0 1.0 1.0 0.0 1.0 0.0 1.0 0.0 1.0 0
0.0 0.294 0.75 0.082 0.0 0.25 0.333 0.333 0.667 0.179 1.0 0.0 0.0 1.0 0.0 0.0 1.0 0.0 1.0 0.0 1
1.0 0.647 0.75 0.385 1.0 1.0 0.667 0.667 0.667 0.232 0.0 0.333 1.0 0.0 0.0 0.0 1.0 1.0 0.0 1.0 0
1.0 0.426 0.75 0.143 0.0 0.5 0.333 0.333 0.667 0.125 1.0 0.333 0.0 1.0 0.0 0.0 1.0 1.0 0.0 1.0 0
1.0 0.294 0.75 0.247 0.0 0.75 0.667 0.667 0.667 0.286 1.0 0.333 0.0 1.0 0.0 1.0 1.0 1.0 1.0 0.0 0
0.333 0.294 0.5 0.159 0.25 0.25 1.0 0.333 0.667 0.054 1.0 0.0 0.0 1.0 0.0 0.0 1.0 0.0 0.0 1.0 1
0.0 0.029 0.5 0.011 0.0 0.25 0.333 1.0 0.333 0.071 1.0 0.0 0.0 0.0 0.0 0.0 1.0 1.0 0.0 1.0 1
0.0 0.074 0.5 0.027 0.0 0.5 0.667 0.667 0.667 0.161 1.0 0.0 0.0 0.0 1.0 0.0 1.0 1.0 1.0 0.0 1
1.0 0.029 0.5 0.055 1.0 0.0 0.667 1.0 0.333 0.304 1.0 0.0 1.0 1.0 0.0 0.0 1.0 1.0 0.0 0.0 0
0.333 0.206 1.0 0.055 0.0 0.5 1.0 0.333 0.667 0.25 1.0 0.0 0.0 0.0 0.0 0.0 1.0 1.0 0.0 1.0 1
0.0 0.206 0.0 0.159 0.0 0.25 0.333 1.0 0.333 0.125 1.0 0.0 0.0 0.0 0.0 0.0 1.0 0.0 0.0 1.0 1
1.0 0.515 0.5 0.132 0.5 0.5 0.667 1.0 0.667 0.089 1.0 0.0 0.0 0.0 0.0 1.0 1.0 1.0 0.0 1.0 0
0.667 0.294 0.5 0.275 0.0 0.75 0.667 0.333 0.667 0.107 0.0 0.0 0.0 0.0 0.0 0.0 1.0 1.0 0.0 1.0 0
0.333 0.118 0.5 0.044 0.25 0.75 0.667 1.0 0.0 0.357 1.0 0.0 0.0 0.0 0.0 0.0 1.0 1.0 1.0 0.0 0
0.0 0.162 1.0 0.071 0.0 1.0 0.667 1.0 0.667 0.446 1.0 0.333 1.0 1.0 0.0 0.0 1.0 1.0 0.0 1.0 0
0.333 0.118 1.0 0.187 0.0 0.5 0.333 0.0 0.0 0.071 1.0 0.0 0.0 0.0 0.0 0.0 1.0 1.0 1.0 0.0 0
0.333 0.294 0.5 0.055 0.0 0.25 0.667 0.0 0.333 0.125 1.0 0.0 0.0 0.0 1.0 0.0 1.0 1.0 0.0 1.0 0
0.0 0.382 0.5 0.187 0.75 1.0 0.333 1.0 0.333 0.679 1.0 0.333 0.0 1.0 0.0 0.0 1.0 0.0 0.0 1.0 0
1.0 0.162 0.75 0.044 0.75 0.75 0.333 0.333 0.333 0.196 1.0 0.333 0.0 0.0 0.0 0.0 1.0 1.0 0.0 1.0 0
1.0 0.118 1.0 0.055 0.5 0.5 0.667 1.0 0.0 0.446 1.0 0.0 0.0 1.0 1.0 0.0 1.0 1.0 0.0 1.0 0
0.333 0.029 0.75 0.055 0.0 0.0 0.667 1.0 0.333 0.5 1.0 0.0 0.0 1.0 1.0 0.0 1.0 1.0 0.0 0.0 1
1.0 0.118 0.5 0.159 0.0 0.5 0.667 1.0 0.667 0.589 1.0 0.0 0.0 1.0 0.0 0.0 1.0 1.0 0.0 1.0 0
1.0 0.294 0.5 0.198 0.0 1.0 0.333 1.0 1.0 0.768 1.0 0.0 0.0 1.0 1.0 0.0 0.0 0.0 0.0 1.0 0
1.0 0.088 0.5 0.066 0.25 0.5 0.667 0.333 0.0 0.286 1.0 0.0 0.0 0.0 1.0 0.0 1.0 0.0 1.0 0.0 0
1.0 0.029 0.5 0.181 0.0 0.5 0.667 0.667 0.333 0.125 1.0 0.0 0.0 0.0 1.0 0.0 0.0 0.0 0.0 1.0 0
1.0 0.118 1.0 0.093 0.0 1.0 0.667 0.333 1.0 0.125 1.0 0.333 0.0 0.0 0.0 0.0 1.0 1.0 0.0 1.0 0
0.333 0.338 0.0 0.445 0.0 1.0 0.333 1.0 1.0 0.411 1.0 0.333 0.0 1.0 0.0 0.0 1.0 0.0 0.0 0.0 1
1.0 0.029 1.0 0.055 0.25 0.5 0.333 0.0 0.333 0.143 1.0 0.333 0.0 0.0 0.0 0.0 1.0 1.0 0.0 1.0 0
0.333 0.029 0.5 0.011 1.0 1.0 0.667 1.0 0.333 0.339 1.0 0.0 0.0 0.0 0.0 0.0 1.0 1.0 0.0 1.0 0
0.0 0.118 1.0 0.104 0.0 0.5 0.667 0.333 0.0 0.357 1.0 0.333 1.0 0.0 1.0 0.0 1.0 0.0 1.0 0.0 0
0.0 0.294 0.5 0.154 1.0 0.5 1.0 1.0 0.667 0.018 1.0 0.0 0.0 0.0 0.0 0.0 1.0 1.0 0.0 1.0 1
0.333 0.471 0.5 0.484 0.25 0.25 0.667 0.0 1.0 0.179 1.0 0.0 0.0 1.0 0.0 0.0 0.0 0.0 0.0 0.0 1
1.0 0.294 1.0 0.077 0.0 0.75 0.667 0.667 0.333 0.375 1.0 0.333 0.0 0.0 0.0 0.0 1.0 1.0 0.0 1.0 0
0.333 0.206 0.5 0.06 0.0 1.0 1.0 0.333 0.0 0.232 1.0 0.0 0.0 0.0 0.0 0.0 0.0 1.0 1.0 0.0 0
0.667 0.029 1.0 0.06 0.25 1.0 0.0 1.0 0.667 0.161 1.0 0.333 1.0 1.0 1.0 0.0 1.0 1.0 0.0 1.0 0
0.0 0.294 0.5 0.159 0.0 0.25 0.333 0.0 0.333 0.143 1.0 0.0 0.0 0.0 1.0 0.0 1.0 1.0 0.0 1.0 1
0.0 0.471 0.5 0.291 0.0 1.0 0.667 1.0 1.0 0.411 1.0 0.0 1.0 0.0 0.0 1.0 1.0 0.0 0.0 1.0 0
0.667 0.074 0.5 0.049 0.25 1.0 0.0 1.0 0.0 0.536 1.0 0.0 0.0 0.0 0.0 0.0 1.0 1.0 0.0 1.0 0
0.333 0.294 1.0 0.055 0.25 0.25 0.667 1.0 1.0 0.339 0.0 0.333 1.0 0.0 0.0 0.0 1.0 1.0 0.0 1.0 1
0.0 0.294 0.5 0.055 0.0 0.25 0.333 1.0 0.333 0.089 1.0 0.0 0.0 0.0 1.0 0.0 1.0 0.0 0.0 1.0 1
1.0 0.088 0.5 0.06 1.0 0.5 0.667 1.0 0.333 0.143 1.0 0.0 0.0 0.0 1.0 0.0 0.0 1.0 1.0 0.0 1
0.667 0.162 1.0 0.121 0.5 0.5 0.667 0.333 0.667 0.304 1.0 0.0 0.0 1.0 0.0 1.0 1.0 1.0 0.0 1.0 0
0.333 0.162 0.25 0.363 0.25 0.0 0.667 0.333 0.333 0.268 1.0 0.0 1.0 1.0 1.0 0.0 1.0 1.0 0.0 0.0 1
1.0 0.294 0.5 0.066 0.0 0.5 1.0 0.333 0.333 0.161 1.0 0.0 0.0 0.0 0.0 0.0 1.0 1.0 0.0 1.0 0
1.0 0.515 0.5 0.462 0.25 1.0 0.667 0.333 0.667 0.464 1.0 0.0 0.0 1.0 0.0 1.0 1.0 1.0 0.0 0.0 0
0.0 0.118 0.5 0.033 0.0 0.75 0.667 0.333 0.0 0.125 1.0 0.0 0.0 0.0 1.0 0.0 1.0 1.0 0.0 1.0 1
1.0 0.471 0.5 0.247 0.0 0.5 0.667 0.333 1.0 0.232 1.0 0.0 0.0 1.0 0.0 1.0 1.0 0.0 0.0 0.0 0
0.667 0.162 0.5 0.137 0.0 0.75 0.667 1.0 0.333 0.125 1.0 0.0 0.0 1.0 0.0 0.0 1.0 0.0 0.0 1.0 0
0.333 0.118 0.75 0.022 0.0 0.5 1.0 1.0 0.0 0.018 1.0 0.333 0.0 0.0 0.0 0.0 0.0 0.0 0.0 1.0 0
1.0 0.294 0.5 0.115 1.0 0.25 0.667 0.0 0.333 0.625 1.0 0.0 0.0 0.0 1.0 0.0 1.0 1.0 0.0 1.0 0
0.0 0.029 1.0 0.022 0.0 0.75 0.333 0.667 0.333 0.321 1.0 0.333 0.0 0.0 1.0 0.0 1.0 1.0 0.0 1.0 0
0.0 0.029 1.0 0.066 0.0 0.25 0.667 1.0 0.0 0.375 1.0 0.0 1.0 0.0 1.0 0.0 1.0 1.0 1.0 0.0 0
1.0 0.471 1.0 0.379 0.0 0.25 0.333 1.0 0.333 0.071 1.0 0.333 0.0 1.0 0.0 0.0 1.0 0.0 0.0 1.0 1
0.0 0.029 0.5 0.055 0.25 1.0 0.667 0.333 0.333 0.429 1.0 0.0 0.0 1.0 1.0 0.0 1.0 1.0 0.0 1.0 0
1.0 0.029 1.0 0.027 1.0 1.0 0.667 1.0 1.0 0.304 1.0 0.333 0.0 0.0 0.0 0.0 1.0 0.0 0.0 1.0 0
1.0 0.294 1.0 0.291 0.0 1.0 0.667 1.0 1.0 0.446 1.0 0.333 0.0 0.0 0.0 0.0 1.0 0.0 0.0 1.0 0
0.0 0.206 0.5 0.165 0.0 0.5 0.333 0.333 0.0 0.089 1.0 0.0 0.0 0.0 0.0 0.0 1.0 1.0 0.0 1.0 1
0.0 0.647 0.0 0.379 0.0 0.5 0.667 1.0 1.0 0.607 1.0 0.333 1.0 0.0 0.0 0.0 1.0 0.0 0.0 1.0 1
1.0 0.294 0.5 0.181 0.25 0.75 0.333 1.0 0.667 0.071 1.0 0.0 0.0 0.0 0.0 1.0 1.0 1.0 0.0 1.0 0
0.333 0.206 0.5 0.049 0.0 0.5 0.333 1.0 0.0 0.125 1.0 0.0 1.0 0.0 0.0 0.0 0.0 1.0 1.0 0.0 0
0.333 0.324 0.5 0.429 0.0 0.25 0.667 0.667 0.667 0.196 1.0 0.333 0.0 0.0 0.0 1.0 1.0 1.0 0.0 1.0 0
1.0 0.162 1.0 0.071 0.25 0.5 0.333 0.667 0.667 0.214 1.0 0.0 0.0 0.0 0.0 0.0 1.0 1.0 0.0 1.0 0
1.0 0.0 1.0 0.071 0.0 0.75 0.667 0.0 0.0 0.411 1.0 0.333 1.0 0.0 0.0 0.0 1.0 1.0 1.0 0.0 0
0.0 0.471 0.5 0.115 0.0 0.5 0.0 1.0 0.667 0.214 1.0 0.0 0.0 0.0 0.0 0.0 1.0 0.0 0.0 1.0 1
0.0 0.029 0.5 0.027 0.0 0.25 0.667 1.0 0.0 0.393 1.0 0.0 1.0 1.0 1.0 0.0 1.0 1.0 1.0 0.0 0
0.333 0.471 0.5 0.115 0.0 0.75 0.667 0.0 0.667 0.232 1.0 0.333 1.0 0.0 0.0 0.0 1.0 1.0 0.0 1.0 0
0.333 0.162 0.5 0.132 0.25 0.5 0.333 1.0 0.667 0.161 1.0 0.333 0.0 1.0 1.0 0.0 1.0 0.0 0.0 1.0 1
1.0 0.118 0.75 0.071 0.0 0.5 1.0 1.0 0.0 0.393 1.0 0.0 0.0 0.0 0.0 1.0 1.0 0.0 0.0 1.0 0
1.0 0.294 0.5 0.06 0.25 0.75 1.0 0.667 0.333 0.125 1.0 0.0 0.0 1.0 0.0 0.0 1.0 1.0 0.0 1.0 0
1.0 0.294 0.5 0.159 1.0 0.25 0.667 0.333 0.667 0.107 1.0 0.333 0.0 0.0 0.0 0.0 1.0 1.0 0.0 1.0 0
0.667 0.25 1.0 0.115 0.0 0.25 0.0 0.0 0.667 0.25 1.0 0.0 0.0 0.0 0.0 0.0 1.0 0.0 0.0 1.0 1
0.0 0.029 0.5 0.066 1.0 0.0 0.333 0.667 0.333 1.0 1.0 0.0 0.0 1.0 1.0 0.0 1.0 1.0 0.0 0.0 0
0.333 0.206 1.0 0.187 0.0 1.0 0.333 1.0 0.333 0.321 1.0 0.0 0.0 1.0 0.0 0.0 1.0 1.0 0.0 1.0 0
0.0 0.647 0.5 0.418 0.0 1.0 0.667 1.0 1.0 0.411 0.0 0.0 0.0 0.0 1.0 0.0 1.0 0.0 0.0 0.0 1
0.667 0.206 0.5 0.154 0.0 0.25 0.333 0.0 0.333 0.464 0.5 0.0 0.0 0.0 0.0 0.0 1.0 1.0 1.0 0.0 0
0.333 0.118 0.5 0.071 0.0 0.25 1.0 0.0 0.0 0.071 1.0 0.0 0.0 0.0 0.0 0.0 1.0 0.0 0.0 1.0 1
1.0 0.294 0.75 0.099 0.0 1.0 0.667 1.0 1.0 0.732 1.0 0.333 0.0 1.0 1.0 0.0 1.0 0.0 0.0 1.0 0
0.0 0.382 0.5 0.341 1.0 1.0 0.667 1.0 0.333 0.214 1.0 0.0 0.0 0.0 0.0 0.0 1.0 1.0 0.0 1.0 1
0.667 0.206 0.5 0.148 0.0 0.5 0.667 0.0 0.0 0.268 1.0 0.0 1.0 0.0 0.0 0.0 1.0 1.0 1.0 0.0 1
1.0 0.118 1.0 0.06 0.0 1.0 0.667 1.0 0.0 0.75 1.0 0.333 0.0 0.0 1.0 0.0 1.0 1.0 1.0 0.0 0
0.0 0.294 0.75 0.06 0.0 0.0 0.667 0.333 0.0 0.429 1.0 0.333 1.0 0.0 1.0 0.0 1.0 0.0 0.0 1.0 1
1.0 0.294 1.0 0.099 0.0 0.5 0.333 1.0 0.667 0.321 1.0 0.0 0.0 1.0 1.0 0.0 1.0 1.0 0.0 1.0 0
1.0 0.294 0.5 0.077 0.0 0.75 0.667 0.0 0.667 0.232 0.0 0.0 1.0 0.0 0.0 0.0 1.0 1.0 0.0 1.0 0
0.0 0.118 0.25 0.022 0.0 0.5 0.333 1.0 0.0 0.089 0.0 0.0 0.0 0.0 0.0 0.0 1.0 1.0 1.0 0.0 1
1.0 0.647 1.0 0.478 1.0 0.75 0.667 0.0 1.0 0.286 1.0 0.333 0.0 1.0 0.0 1.0 1.0 0.0 0.0 1.0 0
1.0 0.118 1.0 0.044 1.0 0.75 0.333 1.0 0.0 0.071 1.0 0.333 0.0 0.0 0.0 0.0 1.0 1.0 0.0 1.0 0
1.0 0.029 0.25 0.088 0.5 1.0 0.667 1.0 0.333 0.464 0.0 0.0 1.0 0.0 0.0 0.0 1.0 1.0 1.0 0.0 0
0.0 0.647 0.5 0.374 0.0 0.75 1.0 0.0 0.0 0.268 1.0 0.333 0.0 1.0 0.0 0.0 0.0 1.0 0.0 1.0 1
0.333 0.118 1.0 0.099 0.25 0.25 0.667 0.0 0.667 0.143 1.0 0.0 0.0 0.0 1.0 0.0 1.0 1.0 0.0 1.0 0
0.333 0.074 0.5 0.055 0.0 0.75 0.333 1.0 0.333 0.857 1.0 0.333 0.0 1.0 0.0 0.0 1.0 1.0 0.0 0.0 0
0.333 0.118 0.5 0.06 0.0 0.25 0.667 0.0 0.667 0.054 0.5 0.0 0.0 0.0 0.0 0.0 1.0 1.0 0.0 1.0 1
0.333 0.206 0.0 0.115 0.25 0.25 0.333 0.667 0.667 0.161 1.0 0.333 0.0 0.0 1.0 0.0 1.0 1.0 0.0 1.0 1
1.0 0.25 0.0 0.264 1.0 0.5 0.333 1.0 0.333 0.179 0.0 0.333 0.0 1.0 1.0 0.0 1.0 1.0 0.0 1.0 1
0.0 0.294 0.25 0.187 0.0 0.75 0.667 1.0 0.667 0.143 0.0 0.0 0.0 0.0 0.0 0.0 1.0 1.0 0.0 1.0 1
0.333 0.206 1.0 0.093 0.0 0.25 0.667 0.333 0.0 0.214 1.0 0.333 0.0 0.0 0.0 0.0 1.0 1.0 1.0 0.0 1
0.0 0.294 0.5 0.154 1.0 1.0 0.667 1.0 1.0 0.536 0.0 0.0 1.0 1.0 0.0 1.0 1.0 0.0 0.0 1.0 0
0.0 0.294 0.25 0.071 0.0 0.75 0.667 1.0 0.667 0.089 0.0 0.0 0.0 0.0 0.0 0.0 0.0 0.0 1.0 0.0 1
0.667 0.029 0.75 0.027 0.0 0.25 0.333 0.0 0.333 0.179 0.0 0.0 0.0 0.0 0.0 0.0 1.0 1.0 0.0 1.0 0
0.333 0.471 0.5 0.67 1.0 0.5 0.667 1.0 1.0 0.321 1.0 0.0 0.0 1.0 1.0 0.0 1.0 0.0 0.0 1.0 1
0.333 0.294 0.75 0.247 1.0 0.5 0.667 0.333 0.333 0.321 0.0 0.333 0.0 1.0 0.0 0.0 1.0 1.0 0.0 0.0 0
0.333 0.294 0.75 0.077 0.25 0.75 0.333 0.333 0.333 0.071 1.0 0.333 0.0 1.0 0.0 0.0 1.0 0.0 0.0 1.0 0
0.0 0.118 0.5 0.066 0.0 0.75 0.0 0.667 0.667 0.304 1.0 0.0 0.0 0.0 1.0 0.0 1.0 1.0 0.0 1.0 1
1.0 0.294 1.0 0.132 0.75 1.0 0.667 0.333 0.667 0.268 1.0 0.0 0.0 0.0 0.0 0.0 1.0 1.0 0.0 1.0 0
0.333 0.647 0.5 0.209 1.0 0.75 0.667 0.0 0.667 0.393 1.0 0.333 1.0 1.0 0.0 0.0 1.0 1.0 0.0 1.0 0
0.0 0.647 0.5 0.363 0.0 0.5 0.333 0.333 0.667 0.214 1.0 0.0 0.0 1.0 0.0 0.0 1.0 1.0 0.0 1.0 1
0.0 0.294 0.5 0.165 0.0 0.25 0.333 1.0 0.0 0.071 1.0 0.0 0.0 1.0 0.0 0.0 1.0 0.0 1.0 0.0 1
1.0 0.382 1.0 0.319 0.0 0.75 0.667 0.333 0.667 0.339 1.0 0.0 0.0 0.0 0.0 0.0 0.0 1.0 0.0 1.0 0
1.0 0.294 0.5 0.286 1.0 0.0 0.333 1.0 0.333 0.125 1.0 0.0 0.0 1.0 0.0 1.0 1.0 0.0 0.0 0.0 0
0.0 0.162 0.5 0.033 0.0 0.5 0.333 1.0 0.333 0.054 1.0 0.0 0.0 0.0 0.0 0.0 1.0 1.0 1.0 0.0 0
0.333 0.074 0.5 0.049 0.0 1.0 0.667 1.0 0.667 0.143 1.0 0.333 0.0 0.0 0.0 0.0 1.0 1.0 1.0 0.0 0
1.0 0.162 1.0 0.143 0.0 0.75 0.333 0.667 0.667 0.089 0.0 0.333 0.0 0.0 0.0 0.0 0.0 1.0 0.0 1.0 0
0.333 0.118 0.5 0.148 0.0 0.75 0.333 0.0 0.0 0.143 1.0 0.0 0.0 0.0 0.0 0.0 1.0 1.0 0.0 1.0 0
1.0 0.294 1.0 0.093 1.0 0.5 0.333 0.333 0.667 0.25 1.0 0.333 0.0 1.0 0.0 0.0 1.0 1.0 0.0 1.0 0
0.333 0.471 1.0 0.143 0.0 0.25 0.0 1.0 0.667 0.143 1.0 0.333 0.0 0.0 1.0 0.0 1.0 1.0 0.0 1.0 1
1.0 0.294 0.5 0.038 0.0 0.25 1.0 0.667 0.667 0.143 1.0 0.333 0.0 0.0 0.0 0.0 1.0 1.0 1.0 0.0 0
0.333 0.206 1.0 0.049 0.0 1.0 0.667 0.667 0.0 0.196 0.0 0.333 0.0 0.0 1.0 0.0 0.0 1.0 0.0 1.0 1
0.333 0.118 1.0 0.159 0.0 0.25 0.667 0.667 0.0 0.536 0.0 0.333 1.0 0.0 1.0 0.0 1.0 1.0 1.0 0.0 0
1.0 0.074 0.5 0.066 0.0 0.5 0.333 0.333 0.0 0.125 1.0 0.0 0.0 0.0 0.0 0.0 1.0 0.0 0.0 1.0 0
0.333 0.471 0.5 0.121 0.0 0.25 0.667 0.0 1.0 0.25 1.0 0.0 0.0 0.0 0.0 0.0 1.0 0.0 1.0 0.0 1
1.0 0.118 0.5 0.104 1.0 1.0 0.333 1.0 1.0 0.589 1.0 0.0 0.0 1.0 1.0 0.0 1.0 0.0 0.0 0.0 0
0.0 0.206 0.5 0.099 0.0 0.5 0.333 1.0 0.0 0.018 0.0 0.0 0.0 0.0 0.0 0.0 1.0 0.0 0.0 1.0 1
0.0 0.074 1.0 0.143 0.0 0.5 0.667 0.333 0.0 0.304 1.0 0.333 1.0 0.0 1.0 0.0 1.0 0.0 0.0 1.0 0
0.0 0.118 0.5 0.06 0.0 0.5 0.667 0.0 0.333 0.036 1.0 0.0 0.0 0.0 0.0 0.0 0.0 1.0 1.0 0.0 0
0.0 0.206 0.5 0.055 0.0 0.5 1.0 0.667 0.0 0.5 1.0 0.0 0.0 1.0 0.0 0.0 1.0 1.0 1.0 0.0 1
0.0 0.118 1.0 0.11 0.0 1.0 0.667 0.667 0.333 0.732 1.0 0.333 0.0 0.0 0.0 0.0 1.0 1.0 0.0 1.0 1
0.0 0.118 1.0 0.011 0.0 0.75 0.333 0.667 0.0 0.696 1.0 1.0 0.0 1.0 0.0 0.0 1.0 1.0 1.0 0.0 0
0.333 0.294 0.75 0.099 1.0 0.5 0.333 1.0 0.667 0.411 1.0 0.333 0.0 1.0 1.0 0.0 1.0 0.0 0.0 1.0 0
1.0 0.25 0.5 0.077 0.75 1.0 0.333 1.0 0.0 0.304 0.0 0.0 0.0 0.0 0.0 0.0 1.0 1.0 1.0 0.0 0
0.333 0.294 0.5 0.137 0.0 0.5 0.333 1.0 0.333 0.018 1.0 0.0 0.0 1.0 1.0 0.0 1.0 0.0 1.0 0.0 1
0.0 0.294 0.25 0.066 1.0 1.0 0.667 0.667 0.667 0.375 0.5 0.0 0.0 1.0 0.0 0.0 1.0 1.0 0.0 0.0 1
0.333 0.029 0.25 0.038 0.25 0.25 0.333 0.0 0.333 0.232 0.5 0.0 0.0 0.0 1.0 0.0 1.0 1.0 1.0 0.0 1
0.0 0.294 0.5 0.066 0.0 0.75 0.333 1.0 0.667 0.071 1.0 0.333 0.0 0.0 1.0 0.0 1.0 0.0 0.0 1.0 1
0.333 0.294 0.0 0.22 0.0 0.5 0.667 1.0 0.0 0.304 1.0 0.667 0.0 1.0 0.0 0.0 1.0 1.0 1.0 0.0 1
1.0 0.206 1.0 0.143 0.0 0.75 0.667 0.333 0.333 0.214 0.0 0.333 0.0 0.0 1.0 0.0 1.0 1.0 0.0 1.0 1
1.0 0.294 0.75 0.203 0.0 0.5 0.667 0.333 1.0 0.232 1.0 0.0 0.0 0.0 0.0 0.0 1.0 0.0 0.0 1.0 0
0.333 0.044 0.5 0.115 0.0 0.25 0.333 0.0 0.0 0.464 1.0 0.0 0.0 0.0 0.0 0.0 0.0 1.0 0.0 1.0 0
0.333 0.074 0.5 0.038 0.0 0.5 0.333 0.0 0.333 0.196 1.0 0.0 0.0 0.0 0.0 0.0 1.0 1.0 0.0 1.0 1
0.333 0.294 0.25 0.088 0.0 0.75 0.333 1.0 1.0 0.268 0.0 0.0 0.0 0.0 0.0 0.0 1.0 0.0 1.0 0.0 1
1.0 0.471 0.5 0.17 0.0 0.5 0.333 0.333 0.667 0.161 1.0 0.0 0.0 1.0 0.0 0.0 1.0 1.0 0.0 0.0 1
0.667 0.088 0.5 0.06 0.0 0.25 0.333 0.333 0.333 0.071 1.0 0.0 0.0 0.0 0.0 0.0 1.0 1.0 0.0 1.0 0
0.0 0.294 0.25 0.143 0.5 0.5 0.667 1.0 0.0 0.054 0.5 0.0 0.0 1.0 0.0 0.0 1.0 1.0 0.0 1.0 0
1.0 0.294 1.0 0.236 0.0 0.5 0.667 0.333 0.0 0.982 1.0 0.0 0.0 1.0 0.0 0.0 1.0 1.0 0.0 0.0 0
0.333 0.471 0.5 0.137 0.25 0.5 0.333 1.0 1.0 0.554 1.0 0.0 0.0 0.0 0.0 0.0 0.0 0.0 0.0 1.0 1
1.0 0.206 0.5 0.104 0.0 0.25 0.667 0.0 0.0 0.25 1.0 0.0 0.0 0.0 0.0 0.0 1.0 1.0 0.0 1.0 0
1.0 0.162 0.5 0.06 1.0 1.0 0.667 1.0 1.0 0.464 0.0 0.0 1.0 0.0 0.0 1.0 1.0 0.0 0.0 1.0 0
0.0 0.118 0.5 0.027 0.25 0.0 0.333 0.667 0.333 0.054 1.0 0.0 0.0 0.0 0.0 0.0 1.0 1.0 0.0 1.0 1
0.667 0.088 0.5 0.055 0.25 1.0 0.333 1.0 1.0 0.518 1.0 0.0 1.0 0.0 1.0 0.0 1.0 0.0 1.0 0.0 1
0.0 0.25 0.5 0.176 0.75 0.25 0.333 0.333 0.667 0.179 0.0 0.0 0.0 0.0 0.0 0.0 1.0 1.0 0.0 1.0 0
0.0 0.294 0.25 0.187 0.0 0.5 0.333 1.0 0.667 0.054 0.0 0.0 0.0 0.0 0.0 1.0 0.0 0.0 0.0 1.0 0
1.0 0.206 0.75 0.088 0.0 0.75 0.333 0.0 0.0 0.054 1.0 0.0 0.0 0.0 0.0 0.0 1.0 1.0 0.0 1.0 1
0.333 0.647 0.0 0.659 1.0 0.5 0.667 0.333 0.667 0.518 0.0 0.0 0.0 1.0 0.0 0.0 1.0 1.0 0.0 0.0 0
0.333 0.824 0.75 0.495 1.0 0.5 0.667 0.333 1.0 0.143 1.0 0.0 0.0 0.0 0.0 0.0 1.0 0.0 0.0 0.0 0
0.0 0.029 1.0 0.192 0.0 0.5 0.667 0.667 0.0 0.321 1.0 0.667 1.0 0.0 1.0 0.0 1.0 0.0 0.0 1.0 0
0.333 0.382 0.5 0.176 0.25 0.5 0.333 1.0 0.667 0.036 1.0 0.0 0.0 0.0 0.0 0.0 0.0 0.0 0.0 1.0 1
1.0 0.118 0.5 0.022 0.0 0.5 0.0 0.333 0.0 0.536 1.0 0.0 0.0 0.0 1.0 0.0 1.0 1.0 1.0 0.0 0
0.333 0.25 1.0 0.192 0.0 0.75 0.667 0.667 0.333 0.143 1.0 0.333 0.0 0.0 0.0 0.0 1.0 1.0 0.0 1.0 0
1.0 0.206 1.0 0.071 0.0 0.5 0.667 0.333 0.333 0.232 0.0 0.333 0.0 0.0 1.0 0.0 1.0 1.0 0.0 1.0 1
1.0 0.647 0.5 0.203 1.0 0.5 0.0 0.333 0.0 0.339 0.0 0.0 0.0 0.0 0.0 0.0 1.0 1.0 0.0 1.0 1
0.0 0.118 0.5 0.093 0.0 0.25 0.333 0.0 0.667 0.054 1.0 0.0 0.0 0.0 0.0 0.0 1.0 0.0 0.0 1.0 0
0.0 0.206 0.5 0.132 0.0 0.5 0.667 1.0 1.0 0.821 1.0 0.333 0.0 0.0 0.0 0.0 1.0 0.0 0.0 1.0 1
1.0 0.162 0.5 0.099 1.0 1.0 0.667 0.333 0.667 0.286 1.0 0.0 0.0 0.0 0.0 0.0 1.0 1.0 0.0 1.0 0
0.667 0.029 0.5 0.104 0.0 0.5 0.667 0.333 0.0 0.393 1.0 0.0 0.0 1.0 0.0 0.0 1.0 1.0 0.0 1.0 0
0.333 0.074 0.25 0.066 0.25 0.75 0.667 0.667 1.0 0.179 1.0 0.0 0.0 0.0 1.0 0.0 1.0 1.0 0.0 1.0 1
1.0 0.559 1.0 0.209 0.5 0.5 0.667 1.0 0.0 0.304 1.0 0.333 0.0 1.0 0.0 0.0 1.0 1.0 0.0 1.0 0
1.0 0.074 0.5 0.198 1.0 1.0 0.667 1.0 0.0 0.804 1.0 0.0 0.0 0.0 0.0 0.0 1.0 1.0 1.0 0.0 0
0.0 0.294 0.5 0.192 0.0 0.5 0.333 1.0 0.667 0.161 1.0 0.0 0.0 0.0 0.0 0.0 1.0 1.0 0.0 1.0 0
0.0 0.206 0.25 0.077 0.0 0.5 0.667 0.667 0.667 0.446 0.0 0.0 0.0 0.0 0.0 0.0 1.0 1.0 0.0 1.0 1
0.333 0.162 0.5 0.066 1.0 0.25 0.667 0.0 0.333 0.071 1.0 0.0 0.0 0.0 0.0 0.0 1.0 1.0 0.0 1.0 0
1.0 0.074 0.5 0.099 0.0 0.25 0.333 0.333 0.667 0.0 1.0 0.333 0.0 0.0 0.0 0.0 0.0 0.0 0.0 1.0 1
0.333 0.294 0.5 0.066 0.0 0.25 0.333 1.0 0.667 0.107 1.0 0.0 0.0 1.0 1.0 0.0 1.0 1.0 1.0 0.0 1
1.0 0.118 0.5 0.066 0.0 1.0 0.667 1.0 0.333 0.5 0.0 0.667 1.0 1.0 0.0 0.0 1.0 1.0 0.0 1.0 0
1.0 0.294 0.5 0.066 0.5 0.75 0.333 0.0 0.667 0.161 1.0 0.0 0.0 0.0 0.0 0.0 1.0 1.0 0.0 1.0 0
1.0 0.824 0.75 0.852 0.0 0.75 0.667 1.0 0.667 0.036 1.0 0.333 0.0 1.0 0.0 0.0 1.0 1.0 0.0 1.0 0
1.0 0.118 0.5 0.071 0.0 0.25 0.333 0.667 0.667 0.268 1.0 0.0 1.0 0.0 0.0 0.0 1.0 1.0 0.0 1.0 0
0.0 0.559 0.75 0.231 0.0 0.75 0.667 0.333 0.333 0.125 0.0 0.333 1.0 1.0 0.0 0.0 1.0 1.0 0.0 1.0 1
0.0 0.206 0.5 0.033 0.0 0.0 0.333 0.0 0.0 0.143 1.0 0.0 0.0 0.0 0.0 0.0 1.0 1.0 0.0 0.0 1
0.333 0.162 0.5 0.06 0.0 1.0 0.667 1.0 0.667 0.339 1.0 0.333 0.0 0.0 0.0 0.0 1.0 1.0 1.0 0.0 0
1.0 0.162 0.5 0.242 0.25 0.5 0.667 0.333 0.333 0.375 1.0 0.0 0.0 1.0 0.0 0.0 1.0 1.0 0.0 0.0 1
1.0 0.294 1.0 0.093 0.0 0.75 1.0 0.333 0.667 0.25 1.0 0.333 0.0 1.0 0.0 0.0 0.0 1.0 0.0 1.0 0
0.0 0.206 1.0 0.093 0.0 0.75 1.0 0.0 0.333 0.232 1.0 0.333 0.0 1.0 0.0 0.0 1.0 1.0 0.0 0.0 0
1.0 0.471 0.75 0.429 1.0 0.25 0.667 1.0 0.667 0.143 1.0 0.333 0.0 1.0 0.0 0.0 1.0 0.0 0.0 1.0 1
0.0 0.382 0.0 0.242 0.0 0.5 0.0 0.333 0.0 0.232 1.0 0.333 0.0 0.0 0.0 0.0 0.0 1.0 0.0 1.0 0
1.0 0.118 0.5 0.066 0.5 0.5 0.333 0.333 0.333 0.125 1.0 0.0 0.0 0.0 1.0 0.0 1.0 1.0 0.0 1.0 1
0.667 0.294 0.5 0.038 0.0 0.75 0.667 0.667 1.0 0.339 0.0 0.0 1.0 0.0 1.0 0.0 1.0 0.0 0.0 1.0 1
0.0 0.118 0.5 0.027 0.0 0.5 0.667 1.0 0.667 0.375 1.0 0.0 1.0 0.0 0.0 0.0 1.0 0.0 1.0 0.0 1
0.0 0.647 0.5 0.401 0.0 0.75 0.667 0.0 1.0 0.554 1.0 0.0 0.0 1.0 0.0 0.0 1.0 0.0 0.0 0.0 0
0.333 0.118 0.5 0.093 0.0 0.5 0.667 0.333 0.333 0.321 1.0 0.0 0.0 0.0 0.0 0.0 1.0 1.0 1.0 0.0 1
0.0 0.294 0.5 0.115 0.0 1.0 0.667 0.0 0.0 0.464 1.0 0.0 0.0 0.0 1.0 0.0 0.0 1.0 0.0 1.0 1
0.333 0.471 0.75 0.434 0.25 1.0 0.667 1.0 0.667 0.411 1.0 1.0 0.0 1.0 1.0 0.0 1.0 1.0 0.0 0.0 1
1.0 0.294 1.0 0.115 0.0 0.75 0.667 0.667 0.667 0.286 1.0 0.333 0.0 1.0 0.0 1.0 1.0 1.0 0.0 1.0 0
0.0 0.147 0.5 0.209 0.0 0.0 0.667 1.0 1.0 0.054 1.0 0.0 0.0 0.0 1.0 0.0 1.0 0.0 0.0 1.0 0
0.333 0.118 0.5 0.038 0.0 1.0 0.667 1.0 0.667 0.393 0.0 0.0 1.0 0.0 1.0 0.0 1.0 1.0 1.0 0.0 1
1.0 0.647 0.5 0.549 1.0 0.75 0.667 0.667 0.667 0.321 0.5 0.0 0.0 1.0 0.0 0.0 1.0 1.0 0.0 1.0 0
0.333 0.382 0.0 0.22 0.0 0.5 0.333 0.0 0.667 0.161 1.0 0.333 0.0 0.0 0.0 0.0 1.0 1.0 0.0 1.0 0
0.333 0.206 1.0 0.341 0.0 1.0 0.667 0.0 1.0 0.393 1.0 0.0 0.0 1.0 0.0 0.0 1.0 1.0 0.0 1.0 0
0.667 0.118 0.5 0.06 0.0 0.5 1.0 1.0 0.0 0.071 1.0 0.0 0.0 0.0 0.0 0.0 1.0 0.0 0.0 1.0 0
0.0 0.118 0.5 0.038 1.0 0.5 1.0 0.333 0.667 0.071 1.0 0.0 0.0 0.0 1.0 0.0 1.0 1.0 0.0 1.0 1
1.0 0.25 0.5 0.11 0.0 1.0 0.667 0.333 0.0 0.554 1.0 0.333 0.0 0.0 0.0 0.0 1.0 1.0 0.0 1.0 0
0.333 0.029 0.75 0.044 0.0 0.0 0.667 0.0 0.333 0.286 0.5 0.333 0.0 1.0 0.0 0.0 1.0 1.0 0.0 0.0 0
0.667 0.029 1.0 0.044 0.0 0.5 0.333 1.0 0.333 0.554 1.0 0.0 0.0 0.0 0.0 0.0 1.0 1.0 1.0 0.0 0
1.0 0.294 1.0 0.335 0.0 0.0 0.667 0.333 1.0 0.143 0.0 0.333 0.0 1.0 0.0 0.0 0.0 1.0 0.0 0.0 0
0.333 0.382 0.25 0.181 0.75 0.5 0.667 0.333 0.667 0.268 0.5 0.0 1.0 1.0 0.0 0.0 1.0 1.0 0.0 1.0 0
1.0 0.647 0.25 0.187 0.0 0.5 0.333 0.0 0.0 0.143 0.5 0.0 0.0 0.0 0.0 0.0 1.0 1.0 0.0 1.0 0
0.0 0.118 1.0 0.253 0.0 1.0 0.667 1.0 0.333 0.429 1.0 0.333 0.0 1.0 1.0 0.0 0.0 0.0 0.0 1.0 1
0.667 0.382 1.0 0.154 0.0 1.0 0.667 1.0 0.333 0.5 1.0 0.0 0.0 0.0 0.0 0.0 1.0 1.0 0.0 1.0 0
1.0 0.294 1.0 0.214 0.25 0.5 0.667 0.667 0.333 0.143 1.0 0.333 0.0 1.0 0.0 0.0 1.0 1.0 1.0 0.0 0
1.0 0.471 0.5 0.302 0.25 0.75 0.667 0.333 0.667 0.214 1.0 0.333 0.0 1.0 0.0 0.0 1.0 1.0 0.0 1.0 0
1.0 0.824 0.5 0.56 0.0 1.0 0.667 1.0 0.333 0.411 1.0 0.0 0.0 1.0 1.0 0.0 1.0 1.0 0.0 0.0 0
1.0 0.029 1.0 0.104 0.5 0.5 1.0 0.333 0.667 0.089 1.0 0.0 0.0 0.0 1.0 0.0 1.0 1.0 0.0 1.0 0
1.0 0.25 0.75 0.132 0.5 0.25 0.667 0.333 0.0 0.393 0.0 0.0 1.0 0.0 0.0 0.0 1.0 1.0 1.0 0.0 1
1.0 0.382 1.0 0.236 0.0 0.75 0.333 1.0 0.667 0.125 1.0 0.0 0.0 1.0 0.0 0.0 1.0 0.0 0.0 0.0 0
1.0 0.294 1.0 0.275 0.0 1.0 0.667 1.0 0.667 0.25 1.0 0.0 0.0 1.0 0.0 0.0 1.0 1.0 0.0 1.0 0
0.333 1.0 0.5 0.297 0.25 0.5 1.0 0.333 0.667 0.089 1.0 0.0 0.0 0.0 0.0 0.0 1.0 1.0 0.0 1.0 1
0.0 0.294 0.5 0.121 0.0 1.0 0.667 1.0 0.0 0.804 0.0 0.0 0.0 0.0 0.0 0.0 1.0 0.0 1.0 0.0 0
1.0 0.206 0.5 0.071 0.0 0.25 0.333 0.0 0.0 0.125 1.0 0.0 0.0 0.0 0.0 0.0 1.0 1.0 0.0 1.0 0
1.0 0.029 0.5 0.071 0.0 0.25 0.333 0.333 1.0 0.661 1.0 0.0 0.0 0.0 0.0 0.0 1.0 1.0 0.0 1.0 0
1.0 0.118 0.5 0.115 1.0 0.5 0.667 1.0 1.0 0.321 1.0 0.0 0.0 1.0 0.0 0.0 1.0 0.0 0.0 1.0 0
1.0 0.162 0.75 0.071 0.0 0.5 1.0 0.667 0.0 0.25 0.0 0.333 0.0 0.0 0.0 0.0 1.0 1.0 0.0 1.0 0
1.0 0.294 1.0 0.269 0.0 0.25 1.0 0.667 1.0 0.5 1.0 0.667 0.0 1.0 0.0 0.0 1.0 0.0 0.0 1.0 0
0.333 0.471 0.75 0.533 0.25 0.75 0.667 0.667 0.333 0.214 1.0 0.333 1.0 1.0 0.0 0.0 1.0 1.0 1.0 0.0 0
1.0 0.824 0.5 0.346 1.0 0.5 0.667 1.0 1.0 0.268 1.0 0.0 1.0 1.0 1.0 0.0 1.0 0.0 0.0 1.0 0
0.667 0.088 1.0 0.06 1.0 0.75 0.667 0.333 0.333 0.143 1.0 0.333 0.0 1.0 0.0 0.0 1.0 1.0 0.0 1.0 0
0.333 0.471 0.75 0.148 0.25 1.0 0.667 0.667 1.0 0.196 1.0 0.0 0.0 0.0 1.0 0.0 1.0 0.0 0.0 1.0 0
1.0 0.074 0.5 0.143 0.25 1.0 0.667 1.0 0.667 0.286 1.0 0.0 0.0 1.0 0.0 0.0 0.0 1.0 0.0 1.0 0
0.0 0.118 0.5 0.192 0.75 0.5 0.667 0.667 0.333 0.214 1.0 0.0 1.0 0.0 1.0 0.0 1.0 1.0 0.0 1.0 0
0.0 0.162 1.0 0.044 0.0 0.5 0.0 0.667 0.333 0.107 1.0 0.333 0.0 0.0 0.0 0.0 1.0 1.0 0.0 1.0 0
0.333 0.162 0.5 0.132 0.25 0.5 0.333 0.333 0.0 0.107 1.0 0.0 0.0 0.0 0.0 0.0 1.0 1.0 1.0 0.0 0
0.333 0.294 0.5 0.148 0.25 0.25 0.667 0.0 0.667 0.179 1.0 0.0 0.0 0.0 0.0 0.0 1.0 1.0 0.0 1.0 0
0.0 0.029 1.0 0.247 1.0 0.25 0.667 0.667 0.0 0.446 1.0 0.333 1.0 0.0 1.0 0.0 1.0 1.0 1.0 0.0 0
1.0 0.294 0.5 0.115 0.0 0.75 0.667 0.333 0.667 0.161 1.0 0.0 0.0 1.0 0.0 0.0 1.0 1.0 0.0 1.0 0
1.0 0.029 0.5 0.055 0.5 0.5 0.667 1.0 0.333 0.554 1.0 0.0 0.0 0.0 0.0 1.0 1.0 0.0 0.0 1.0 0
0.333 0.118 0.5 0.049 0.0 0.75 0.667 0.667 0.0 0.179 1.0 0.333 0.0 0.0 0.0 0.0 0.0 1.0 0.0 1.0 0
1.0 0.118 1.0 0.038 0.0 0.0 0.333 0.333 0.333 0.339 1.0 0.0 0.0 0.0 1.0 0.0 1.0 1.0 0.0 0.0 0
1.0 0.206 1.0 0.088 0.0 0.5 0.667 0.333 0.667 0.089 1.0 0.333 0.0 0.0 0.0 0.0 1.0 1.0 0.0 1.0 0
0.667 0.162 0.5 0.093 0.0 1.0 0.667 1.0 0.667 0.375 1.0 0.0 0.0 1.0 0.0 0.0 1.0 0.0 0.0 0.0 0
1.0 0.118 0.5 0.049 0.5 0.5 0.333 1.0 0.667 0.179 1.0 0.0 0.0 0.0 0.0 0.0 1.0 0.0 1.0 0.0 1
0.0 0.647 1.0 0.335 0.0 1.0 0.667 1.0 1.0 0.482 1.0 0.333 0.0 1.0 0.0 1.0 1.0 0.0 0.0 1.0 1
0.667 0.294 0.5 0.066 0.25 1.0 0.333 0.333 1.0 0.5 1.0 0.0 0.0 1.0 0.0 0.0 1.0 0.0 0.0 1.0 0
0.333 0.382 0.75 0.126 0.25 1.0 0.667 0.333 0.333 0.393 0.5 0.333 0.0 0.0 0.0 0.0 1.0 1.0 0.0 1.0 0
0.333 0.338 0.5 0.126 0.0 0.25 0.333 0.0 0.333 0.232 1.0 0.0 1.0 1.0 0.0 0.0 1.0 1.0 0.0 1.0 0
1.0 0.162 0.5 0.28 0.5 1.0 0.333 1.0 1.0 0.286 1.0 0.0 0.0 0.0 1.0 0.0 1.0 0.0 0.0 1.0 0
0.333 0.647 0.5 0.352 0.25 0.75 0.667 0.333 0.333 0.089 1.0 0.0 0.0 0.0 1.0 0.0 1.0 1.0 0.0 1.0 1
0.333 0.118 0.0 0.154 0.0 0.25 0.333 0.667 0.333 0.107 1.0 0.333 0.0 0.0 0.0 0.0 1.0 0.0 0.0 1.0 1
0.333 0.074 0.5 0.055 0.0 1.0 0.333 1.0 0.0 0.107 1.0 0.0 0.0 0.0 0.0 0.0 1.0 1.0 0.0 1.0 0
0.333 0.074 0.5 0.104 0.0 0.5 0.667 0.333 0.0 0.321 1.0 0.0 1.0 0.0 0.0 0.0 1.0 1.0 1.0 0.0 0
1.0 0.206 1.0 0.022 0.5 1.0 0.667 0.667 0.333 0.232 0.0 0.333 0.0 1.0 0.0 0.0 1.0 1.0 0.0 0.0 0
0.0 0.029 0.25 0.055 0.0 1.0 0.333 1.0 1.0 0.286 1.0 0.0 0.0 0.0 0.0 0.0 1.0 0.0 0.0 1.0 1
1.0 0.25 0.5 0.126 1.0 1.0 0.667 1.0 0.0 0.482 1.0 0.0 0.0 1.0 0.0 1.0 1.0 1.0 0.0 0.0 0
0.0 0.074 1.0 0.049 0.0 0.5 0.667 1.0 0.0 0.107 1.0 0.333 0.0 0.0 0.0 0.0 1.0 1.0 1.0 0.0 0
0.333 0.824 0.5 0.758 0.0 0.75 0.667 0.333 1.0 0.143 1.0 0.0 0.0 1.0 1.0 0.0 1.0 1.0 0.0 0.0 1
1.0 0.382 1.0 0.407 1.0 1.0 0.667 1.0 0.667 0.786 1.0 0.333 0.0 0.0 0.0 1.0 1.0 1.0 0.0 1.0 0
1.0 0.382 1.0 0.159 1.0 1.0 0.667 0.333 0.667 0.375 1.0 0.333 1.0 1.0 0.0 0.0 1.0 1.0 0.0 1.0 0
1.0 0.206 0.5 0.071 0.0 0.5 0.667 0.333 1.0 0.232 1.0 0.0 0.0 1.0 0.0 0.0 1.0 0.0 0.0 0.0 0
0.667 0.294 1.0 0.159 1.0 0.5 0.667 0.333 0.667 0.214 1.0 0.333 0.0 1.0 0.0 0.0 1.0 1.0 0.0 1.0 0
0.333 0.235 0.0 0.324 0.25 1.0 1.0 1.0 0.667 0.214 0.0 0.333 0.0 1.0 0.0 1.0 1.0 1.0 0.0 1.0 0
0.667 0.074 0.0 0.06 0.0 0.25 0.667 0.333 0.667 0.268 1.0 0.333 0.0 1.0 0.0 0.0 1.0 1.0 0.0 0.0 1
0.333 0.029 0.25 0.011 0.75 0.25 0.333 0.333 0.333 0.089 0.0 0.0 1.0 0.0 0.0 0.0 1.0 0.0 0.0 1.0 1
0.0 0.118 0.5 0.055 0.0 0.5 0.333 0.333 0.0 0.089 1.0 0.0 0.0 0.0 1.0 0.0 1.0 1.0 1.0 0.0 1
0.333 0.074 0.5 0.033 0.5 0.5 0.333 0.667 0.0 0.839 1.0 0.0 0.0 0.0 0.0 0.0 1.0 1.0 1.0 0.0 0
1.0 0.338 0.5 0.132 0.0 0.5 0.333 0.667 0.0 0.036 1.0 0.0 0.0 0.0 1.0 0.0 1.0 0.0 0.0 1.0 1
1.0 0.029 1.0 0.0 0.75 0.5 0.333 0.333 0.0 0.393 0.0 0.333 0.0 0.0 1.0 0.0 1.0 1.0 1.0 0.0 0
1.0 0.162 1.0 0.06 0.5 0.5 1.0 0.333 0.333 0.5 1.0 0.333 0.0 0.0 0.0 0.0 1.0 1.0 1.0 0.0 0
0.0 0.206 0.5 0.093 0.0 0.5 0.333 1.0 0.667 0.107 0.0 0.333 0.0 0.0 0.0 0.0 1.0 0.0 0.0 1.0 1
0.333 0.647 0.25 0.341 0.0 1.0 0.333 0.667 1.0 0.714 1.0 0.0 0.0 0.0 0.0 0.0 1.0 0.0 0.0 1.0 1
0.667 0.294 1.0 0.06 0.75 0.5 0.0 1.0 0.0 0.304 1.0 0.333 0.0 1.0 0.0 0.0 1.0 1.0 0.0 1.0 0
0.333 0.294 0.75 0.341 0.0 0.25 0.667 0.333 0.667 0.25 1.0 0.0 0.0 0.0 0.0 0.0 1.0 1.0 0.0 1.0 0
0.0 0.294 0.5 0.099 0.0 0.5 0.667 1.0 0.0 0.036 1.0 0.0 1.0 0.0 0.0 0.0 1.0 0.0 1.0 0.0 1
0.333 0.059 0.5 0.033 0.0 0.75 0.333 0.333 0.0 0.446 1.0 0.0 0.0 0.0 0.0 0.0 0.0 1.0 1.0 0.0 0
1.0 0.294 0.5 0.132 0.75 0.5 0.333 1.0 0.667 0.161 1.0 0.0 0.0 1.0 0.0 1.0 1.0 0.0 0.0 1.0 0
1.0 0.0 1.0 0.176 0.0 0.75 0.333 0.0 0.0 0.321 1.0 0.0 1.0 0.0 1.0 0.0 1.0 1.0 0.0 1.0 0
0.333 0.471 0.25 0.209 1.0 0.25 0.333 0.333 1.0 0.179 0.0 0.0 0.0 0.0 0.0 0.0 1.0 1.0 0.0 0.0 0
0.333 0.294 0.5 0.626 0.0 0.5 0.333 1.0 0.667 0.071 1.0 0.333 0.0 0.0 0.0 1.0 1.0 0.0 0.0 0.0 1
0.0 0.206 0.5 0.231 0.25 0.5 0.667 1.0 0.667 0.286 1.0 0.0 1.0 1.0 1.0 0.0 1.0 1.0 1.0 0.0 0
1.0 0.029 1.0 0.363 0.0 0.75 0.667 0.667 1.0 0.464 1.0 0.333 1.0 1.0 1.0 0.0 1.0 1.0 0.0 0.0 0
0.333 0.382 0.0 0.225 0.25 0.5 0.333 1.0 0.667 0.125 1.0 0.333 0.0 0.0 0.0 0.0 1.0 0.0 1.0 0.0 1
0.0 0.294 0.25 0.115 0.25 0.75 0.667 0.667 0.667 0.232 0.0 0.0 0.0 0.0 1.0 0.0 1.0 1.0 0.0 1.0 0
0.333 0.088 0.25 0.044 0.0 0.5 0.667 1.0 0.0 0.071 0.5 0.0 0.0 0.0 0.0 0.0 1.0 1.0 1.0 0.0 0
1.0 0.25 0.5 0.165 1.0 1.0 0.667 0.667 0.333 0.393 1.0 0.0 0.0 1.0 0.0 0.0 1.0 1.0 0.0 1.0 0
0.0 0.294 0.25 0.126 0.5 0.5 0.667 1.0 0.0 0.054 0.5 0.0 0.0 1.0 0.0 0.0 1.0 1.0 0.0 1.0 0
0.0 0.515 1.0 0.769 1.0 0.75 0.667 1.0 0.333 0.196 1.0 0.333 0.0 1.0 0.0 0.0 1.0 1.0 0.0 0.0 0
0.0 0.132 1.0 0.088 0.0 0.25 0.667 0.0 0.333 0.161 0.0 0.333 0.0 0.0 0.0 0.0 1.0 1.0 1.0 0.0 0
0.0 0.162 0.5 0.126 0.0 0.0 0.333 1.0 0.667 0.071 1.0 0.0 0.0 0.0 1.0 0.0 1.0 0.0 0.0 1.0 0
0.0 0.118 0.5 0.06 0.0 0.25 0.333 0.0 0.0 0.321 1.0 0.0 0.0 0.0 1.0 0.0 1.0 1.0 1.0 0.0 1
1.0 0.25 0.5 0.275 1.0 0.5 0.667 0.667 0.667 0.125 1.0 0.0 0.0 0.0 0.0 1.0 1.0 1.0 0.0 1.0 0
1.0 0.162 0.5 0.154 0.0 0.75 0.667 0.333 0.667 0.25 1.0 0.0 0.0 0.0 0.0 1.0 1.0 1.0 0.0 1.0 0
0.0 0.029 0.5 0.011 0.0 1.0 0.333 0.0 0.333 0.536 0.0 0.0 0.0 1.0 0.0 0.0 1.0 1.0 0.0 1.0 0
0.0 0.206 0.5 0.044 0.0 0.25 0.333 0.333 0.667 0.071 1.0 0.0 0.0 0.0 1.0 0.0 1.0 1.0 1.0 0.0 1
0.333 0.118 0.5 0.033 0.25 0.75 0.333 1.0 0.0 0.071 1.0 0.0 0.0 0.0 0.0 0.0 1.0 0.0 1.0 0.0 0
1.0 0.382 1.0 0.308 0.0 0.75 0.333 0.333 0.667 0.107 1.0 0.333 0.0 0.0 0.0 0.0 1.0 1.0 0.0 1.0 0
1.0 0.118 0.75 0.077 0.75 1.0 0.667 1.0 1.0 0.643 1.0 0.333 1.0 0.0 0.0 0.0 1.0 0.0 0.0 1.0 1
0.0 0.294 0.5 0.06 1.0 0.75 0.333 1.0 1.0 0.232 1.0 0.0 0.0 0.0 1.0 0.0 1.0 0.0 0.0 1.0 1
0.667 0.029 1.0 0.06 0.0 0.5 0.667 0.0 0.0 0.982 1.0 0.667 1.0 0.0 1.0 0.0 1.0 1.0 0.0 0.0 0
0.667 0.162 1.0 0.06 1.0 0.5 0.667 1.0 1.0 0.357 1.0 0.333 0.0 1.0 0.0 0.0 1.0 0.0 0.0 1.0 1
1.0 0.294 0.5 0.066 0.0 0.5 0.667 0.333 0.0 0.214 1.0 0.0 0.0 1.0 1.0 0.0 0.0 1.0 0.0 1.0 0
0.0 0.118 1.0 0.027 0.0 1.0 0.667 0.667 0.333 0.286 1.0 0.333 0.0 0.0 1.0 0.0 1.0 1.0 0.0 1.0 1
1.0 0.162 1.0 0.264 1.0 1.0 0.333 1.0 0.667 0.714 1.0 0.0 0.0 1.0 1.0 0.0 1.0 1.0 0.0 1.0 0
0.0 0.206 1.0 0.104 0.0 0.5 0.333 1.0 0.0 0.089 1.0 0.333 0.0 0.0 0.0 0.0 1.0 0.0 0.0 1.0 1
0.0 0.118 0.5 0.11 0.0 0.5 0.667 0.667 0.333 0.089 1.0 0.0 0.0 0.0 0.0 0.0 1.0 1.0 1.0 0.0 0
1.0 0.25 1.0 0.687 1.0 1.0 0.667 1.0 1.0 0.196 1.0 0.0 0.0 1.0 1.0 0.0 1.0 0.0 0.0 0.0 1
1.0 0.294 1.0 0.126 0.25 0.75 1.0 0.667 0.333 0.143 1.0 0.333 0.0 1.0 1.0 0.0 1.0 1.0 0.0 1.0 0
0.333 0.118 0.5 0.055 0.0 1.0 1.0 0.667 0.0 0.375 0.0 0.333 0.0 0.0 0.0 0.0 0.0 1.0 1.0 0.0 0
0.0 0.382 0.5 0.159 0.0 0.25 0.0 1.0 0.333 0.214 1.0 0.0 0.0 0.0 0.0 0.0 1.0 1.0 1.0 0.0 1
1.0 0.088 0.5 0.148 1.0 0.25 0.333 1.0 0.0 0.214 1.0 0.0 0.0 0.0 0.0 1.0 1.0 0.0 0.0 1.0 0
0.333 0.118 1.0 0.187 0.0 1.0 0.667 1.0 0.667 0.161 1.0 0.667 0.0 1.0 0.0 0.0 1.0 0.0 0.0 1.0 0
1.0 0.118 1.0 0.082 0.0 1.0 0.667 1.0 0.0 0.786 1.0 0.333 0.0 1.0 0.0 0.0 1.0 1.0 1.0 0.0 0
0.0 0.294 0.5 0.143 1.0 1.0 0.333 1.0 0.0 0.125 1.0 0.0 0.0 0.0 0.0 1.0 1.0 0.0 0.0 1.0 0
0.0 0.471 1.0 0.434 0.0 0.5 0.333 0.333 1.0 0.107 1.0 0.333 0.0 1.0 0.0 0.0 1.0 1.0 0.0 0.0 1
1.0 0.25 1.0 0.17 0.0 1.0 0.667 1.0 0.667 0.304 1.0 0.0 0.0 1.0 0.0 1.0 1.0 1.0 0.0 0.0 0
1.0 0.294 1.0 0.11 0.25 1.0 0.667 1.0 0.333 0.589 0.0 0.333 0.0 0.0 0.0 0.0 1.0 1.0 0.0 1.0 0
0.667 0.118 1.0 0.071 0.5 0.0 0.667 1.0 1.0 0.839 0.0 0.667 0.0 0.0 1.0 0.0 1.0 0.0 0.0 0.0 0
0.0 0.294 0.5 0.066 1.0 0.5 0.333 1.0 0.0 0.107 1.0 0.0 0.0 0.0 1.0 0.0 1.0 0.0 0.0 1.0 1
1.0 0.471 1.0 0.181 0.0 0.75 0.667 1.0 0.667 0.321 1.0 0.333 0.0 1.0 1.0 0.0 1.0 1.0 0.0 1.0 0
0.0 0.206 0.5 0.181 0.0 0.75 0.333 0.0 0.0 0.107 1.0 0.0 0.0 0.0 0.0 0.0 0.0 1.0 0.0 1.0 0
1.0 0.471 1.0 0.302 0.75 1.0 0.667 0.333 0.667 0.339 1.0 0.333 0.0 1.0 0.0 1.0 1.0 1.0 0.0 0.0 0
0.333 0.206 0.5 0.203 0.0 0.0 0.333 1.0 0.667 0.857 1.0 0.0 0.0 1.0 0.0 0.0 1.0 1.0 0.0 1.0 0
0.333 0.515 1.0 0.258 0.0 0.75 0.667 0.333 0.0 0.107 1.0 0.333 0.0 0.0 0.0 0.0 0.0 1.0 0.0 1.0 1
1.0 0.294 1.0 0.093 0.75 1.0 0.667 1.0 0.0 0.732 1.0 0.0 0.0 1.0 1.0 0.0 1.0 1.0 0.0 1.0 0
0.333 0.118 0.0 0.066 0.0 0.5 0.667 0.333 0.0 0.214 1.0 0.0 0.0 1.0 0.0 0.0 1.0 1.0 1.0 0.0 0
0.333 0.118 0.5 0.033 0.25 0.25 0.333 0.333 0.333 0.071 0.0 0.0 0.0 0.0 1.0 0.0 1.0 1.0 1.0 0.0 1
0.333 0.235 0.5 0.346 1.0 0.0 0.0 1.0 0.0 0.732 1.0 0.0 0.0 1.0 0.0 1.0 1.0 1.0 0.0 0.0 0
0.333 0.206 0.5 0.093 0.75 0.5 0.667 0.333 0.333 0.286 1.0 0.0 0.0 1.0 0.0 0.0 1.0 1.0 1.0 0.0 0
1.0 0.265 0.5 0.137 0.5 1.0 0.667 1.0 0.667 0.375 1.0 0.0 0.0 0.0 0.0 0.0 1.0 1.0 0.0 1.0 0
1.0 0.647 1.0 0.143 1.0 1.0 0.667 0.667 0.667 0.339 1.0 0.333 1.0 1.0 0.0 1.0 1.0 1.0 0.0 1.0 0
0.333 0.647 0.75 0.33 0.0 1.0 0.667 1.0 1.0 0.554 1.0 0.0 0.0 0.0 0.0 0.0 1.0 0.0 0.0 1.0 1
0.0 0.529 1.0 0.319 0.0 0.5 0.667 0.667 1.0 0.143 0.0 0.0 0.0 1.0 0.0 0.0 1.0 1.0 0.0 1.0 1
0.333 0.25 0.5 0.055 0.0 1.0 0.333 1.0 0.333 0.357 1.0 0.0 1.0 0.0 0.0 0.0 1.0 1.0 0.0 1.0 1
1.0 0.294 0.5 0.335 1.0 1.0 0.667 1.0 0.667 0.393 1.0 0.0 1.0 1.0 0.0 1.0 1.0 1.0 0.0 0.0 0
1.0 0.029 1.0 0.055 1.0 0.5 1.0 0.333 0.333 0.143 1.0 0.333 0.0 0.0 0.0 0.0 1.0 1.0 0.0 1.0 0
0.667 0.294 0.5 0.148 0.0 1.0 0.0 1.0 1.0 0.571 1.0 0.0 0.0 0.0 0.0 0.0 1.0 0.0 0.0 1.0 0
1.0 0.294 0.5 0.159 0.5 1.0 0.667 0.667 1.0 0.232 1.0 0.0 0.0 1.0 0.0 0.0 1.0 0.0 0.0 1.0 0
1.0 0.074 0.5 0.115 0.25 0.25 0.333 1.0 0.333 0.054 1.0 0.0 0.0 0.0 0.0 0.0 1.0 0.0 0.0 1.0 0
0.0 0.206 0.5 0.401 1.0 1.0 0.667 1.0 0.333 0.571 1.0 0.0 1.0 1.0 0.0 1.0 1.0 0.0 0.0 1.0 1
1.0 0.118 1.0 0.06 0.0 0.25 0.333 1.0 0.333 0.054 1.0 0.333 0.0 0.0 0.0 0.0 1.0 0.0 1.0 0.0 0
1.0 0.294 0.75 0.027 1.0 1.0 1.0 1.0 0.667 0.625 1.0 0.333 0.0 1.0 1.0 0.0 1.0 1.0 0.0 1.0 0
0.333 0.074 0.5 0.071 1.0 0.25 0.667 0.333 0.0 0.286 1.0 0.0 0.0 0.0 1.0 0.0 1.0 1.0 0.0 0.0 0
1.0 0.294 1.0 0.077 0.0 1.0 0.667 1.0 1.0 0.625 1.0 0.333 1.0 0.0 0.0 0.0 1.0 0.0 0.0 1.0 0
0.333 0.206 1.0 0.088 0.0 1.0 0.333 1.0 0.0 0.518 0.0 0.333 0.0 1.0 0.0 0.0 0.0 0.0 1.0 0.0 0
0.0 0.235 1.0 0.225 0.0 1.0 0.333 1.0 0.333 0.089 1.0 0.333 0.0 0.0 0.0 0.0 1.0 1.0 0.0 1.0 0
1.0 0.118 1.0 0.044 1.0 1.0 0.667 1.0 0.667 0.286 1.0 0.333 0.0 0.0 0.0 0.0 1.0 1.0 0.0 1.0 0
0.333 0.118 0.5 0.401 1.0 0.0 0.333 0.333 0.0 0.089 1.0 0.0 0.0 0.0 1.0 0.0 1.0 0.0 0.0 0.0 0
0.0 0.471 0.5 0.5 0.0 0.75 0.667 0.0 0.667 0.089 1.0 0.0 0.0 1.0 1.0 0.0 1.0 1.0 0.0 1.0 1
0.333 0.029 0.5 0.022 0.0 0.25 1.0 0.667 0.0 0.125 1.0 0.0 0.0 0.0 0.0 0.0 1.0 1.0 1.0 0.0 0
1.0 0.118 1.0 0.038 1.0 1.0 0.667 1.0 0.0 0.821 1.0 1.0 0.0 0.0 0.0 0.0 1.0 1.0 0.0 1.0 0
0.333 0.559 0.25 0.5 0.0 0.0 0.667 0.333 1.0 0.643 0.0 0.0 0.0 1.0 0.0 1.0 1.0 0.0 0.0 0.0 0
0.333 0.162 0.0 0.088 0.0 0.25 0.333 0.0 0.0 0.125 1.0 0.333 0.0 0.0 1.0 0.0 1.0 0.0 0.0 0.0 1
0.333 0.059 0.5 0.038 0.0 0.25 1.0 0.333 0.0 0.125 1.0 0.0 0.0 1.0 0.0 0.0 1.0 1.0 0.0 1.0 0
0.333 0.029 0.5 0.016 0.0 0.75 1.0 0.667 0.0 0.161 0.0 0.0 0.0 0.0 0.0 0.0 0.0 1.0 1.0 0.0 0
0.0 0.471 1.0 0.516 0.0 0.75 0.667 1.0 0.667 0.089 1.0 0.333 0.0 1.0 0.0 1.0 1.0 1.0 0.0 1.0 1
0.0 0.647 0.5 0.159 0.0 0.5 0.667 1.0 0.667 0.625 1.0 0.0 0.0 0.0 0.0 0.0 1.0 1.0 0.0 1.0 1
0.0 0.647 0.5 0.203 0.0 0.75 0.667 1.0 1.0 0.482 1.0 0.0 1.0 0.0 1.0 0.0 1.0 0.0 0.0 1.0 1
0.333 0.471 0.75 0.396 0.0 0.5 0.333 0.333 0.333 0.625 1.0 0.0 0.0 0.0 1.0 0.0 1.0 0.0 0.0 1.0 0
1.0 0.029 0.5 0.06 0.5 0.5 0.0 1.0 0.0 0.768 1.0 0.0 0.0 0.0 0.0 0.0 1.0 1.0 0.0 1.0 0
1.0 0.029 1.0 0.077 0.0 0.75 0.333 0.333 0.667 0.089 1.0 0.333 0.0 1.0 0.0 0.0 1.0 0.0 0.0 1.0 0
0.0 0.471 0.5 0.863 0.0 0.0 0.0 0.667 0.667 0.429 1.0 0.0 0.0 0.0 0.0 0.0 0.0 1.0 0.0 0.0 0
0.0 0.206 0.5 0.06 0.0 0.5 1.0 0.667 0.0 0.125 0.0 0.0 0.0 0.0 0.0 0.0 1.0 1.0 0.0 1.0 1
1.0 0.118 0.5 0.049 0.0 0.5 1.0 0.333 0.0 0.143 1.0 0.333 0.0 1.0 1.0 0.0 1.0 1.0 0.0 1.0 0
0.667 0.118 0.5 0.154 0.0 0.5 1.0 0.0 0.667 0.089 1.0 0.0 0.0 0.0 0.0 0.0 1.0 1.0 0.0 1.0 0
0.0 0.471 0.5 0.137 0.0 1.0 0.667 0.333 0.333 0.393 0.0 0.0 1.0 0.0 0.0 0.0 1.0 1.0 0.0 1.0 1
0.0 0.059 1.0 0.027 0.0 1.0 0.667 1.0 0.0 0.5 1.0 0.333 0.0 0.0 1.0 0.0 1.0 1.0 1.0 0.0 0
1.0 0.206 1.0 0.198 0.0 0.25 0.0 0.333 0.667 0.286 1.0 0.333 0.0 1.0 0.0 0.0 1.0 1.0 0.0 0.0 0
0.0 0.25 1.0 0.077 0.0 1.0 1.0 0.667 0.667 0.196 1.0 0.333 0.0 1.0 1.0 0.0 1.0 1.0 0.0 1.0 0
0.0 0.206 1.0 0.209 0.0 1.0 0.333 1.0 0.0 0.25 0.0 0.667 0.0 1.0 1.0 0.0 1.0 0.0 0.0 1.0 1
1.0 0.206 0.0 0.22 0.0 0.5 0.667 0.333 0.667 0.304 0.5 0.333 1.0 0.0 0.0 0.0 1.0 1.0 0.0 1.0 1
0.0 0.471 0.5 0.445 1.0 1.0 0.667 1.0 1.0 0.5 1.0 0.0 0.0 0.0 0.0 1.0 1.0 0.0 0.0 1.0 1
0.333 0.647 0.75 0.357 1.0 0.5 0.667 1.0 1.0 0.339 1.0 0.0 1.0 1.0 0.0 0.0 1.0 0.0 0.0 1.0 0
1.0 0.294 0.75 0.121 0.5 0.5 0.667 0.333 0.667 0.446 1.0 0.333 1.0 1.0 0.0 0.0 1.0 1.0 0.0 1.0 0
0.0 0.206 0.5 0.055 0.0 0.25 0.333 0.667 0.667 0.071 1.0 0.0 0.0 1.0 1.0 0.0 1.0 0.0 0.0 1.0 1
0.0 0.603 0.0 0.637 0.0 1.0 0.667 1.0 0.667 0.179 1.0 0.333 0.0 0.0 0.0 0.0 1.0 0.0 0.0 1.0 1
0.333 0.294 0.5 0.269 1.0 1.0 0.333 1.0 0.667 0.411 1.0 0.0 0.0 1.0 0.0 0.0 1.0 1.0 0.0 1.0 0
0.667 0.162 0.5 0.115 0.0 0.25 0.333 0.667 0.0 0.107 1.0 0.0 0.0 0.0 0.0 0.0 1.0 1.0 1.0 0.0 1
0.0 0.118 0.0 0.049 0.0 0.5 0.667 1.0 0.667 0.518 0.0 0.333 0.0 0.0 1.0 0.0 1.0 1.0 0.0 1.0 1
1.0 0.118 0.5 0.038 1.0 0.5 0.333 0.333 0.667 0.036 1.0 0.0 0.0 0.0 0.0 0.0 1.0 1.0 0.0 1.0 0
1.0 0.0 0.5 0.022 0.0 0.25 0.333 0.667 0.0 0.071 1.0 0.0 1.0 0.0 0.0 0.0 1.0 0.0 1.0 0.0 0
0.0 0.294 1.0 0.154 0.0 1.0 0.667 1.0 0.333 0.786 1.0 0.333 0.0 1.0 0.0 1.0 1.0 1.0 0.0 1.0 0
1.0 0.294 1.0 0.132 0.0 1.0 1.0 0.667 0.0 0.482 1.0 0.333 0.0 0.0 0.0 0.0 0.0 1.0 0.0 1.0 0
0.0 0.471 0.5 0.275 0.0 0.75 0.667 0.333 0.333 0.179 1.0 0.0 0.0 0.0 0.0 0.0 1.0 1.0 0.0 1.0 1
1.0 0.25 0.75 0.154 0.0 0.5 0.667 0.333 0.0 0.161 0.5 0.333 0.0 0.0 0.0 1.0 1.0 1.0 1.0 0.0 0
1.0 0.206 0.5 0.093 0.0 0.25 0.333 1.0 0.0 0.071 1.0 0.0 0.0 0.0 0.0 0.0 1.0 1.0 0.0 1.0 1
1.0 0.294 0.25 0.077 0.0 0.75 0.667 1.0 0.667 0.554 0.0 0.0 0.0 1.0 0.0 0.0 1.0 1.0 0.0 1.0 0
1.0 0.206 0.5 0.176 0.0 1.0 0.667 1.0 0.333 0.5 0.0 0.667 1.0 1.0 0.0 0.0 1.0 1.0 0.0 1.0 0
0.333 0.25 0.5 0.209 1.0 0.75 0.667 0.667 0.667 0.286 1.0 0.0 0.0 1.0 0.0 0.0 1.0 1.0 0.0 1.0 0
1.0 0.206 0.5 0.363 1.0 0.5 0.667 1.0 0.667 0.875 1.0 0.333 0.0 0.0 1.0 0.0 1.0 0.0 0.0 1.0 1
1.0 0.294 0.5 0.055 0.0 0.25 1.0 0.333 0.0 0.161 1.0 0.0 0.0 0.0 1.0 0.0 1.0 1.0 0.0 1.0 0
0.0 0.074 0.5 0.066 0.0 0.75 0.667 1.0 0.0 0.714 1.0 0.0 0.0 0.0 0.0 0.0 1.0 1.0 0.0 1.0 0
0.0 0.118 0.5 0.027 0.0 1.0 0.667 1.0 0.0 0.679 0.5 0.0 0.0 0.0 0.0 0.0 1.0 1.0 1.0 0.0 1
0.0 0.235 1.0 0.11 0.0 0.5 1.0 0.333 0.333 0.25 0.0 0.333 0.0 0.0 1.0 0.0 0.0 0.0 0.0 1.0 1
1.0 0.294 1.0 0.209 1.0 0.75 0.667 1.0 0.333 0.429 1.0 0.333 0.0 1.0 0.0 1.0 1.0 1.0 0.0 1.0 0
1.0 0.162 1.0 0.071 0.0 0.5 0.667 1.0 1.0 0.286 1.0 0.333 0.0 1.0 0.0 0.0 1.0 0.0 0.0 1.0 0
0.0 0.206 0.25 0.066 0.0 0.75 0.667 1.0 1.0 0.232 1.0 0.333 1.0 0.0 1.0 0.0 1.0 0.0 1.0 0.0 1
1.0 0.471 0.75 0.588 0.0 1.0 0.667 0.333 0.667 0.464 1.0 0.333 1.0 1.0 1.0 0.0 1.0 1.0 0.0 1.0 0
1.0 0.294 0.5 0.071 0.25 0.25 1.0 0.667 0.0 0.25 1.0 0.0 0.0 1.0 1.0 0.0 1.0 1.0 0.0 1.0 0
1.0 0.088 0.5 0.038 1.0 0.75 0.333 0.667 0.333 0.375 1.0 0.0 0.0 1.0 0.0 0.0 1.0 1.0 0.0 1.0 0
1.0 0.162 1.0 0.17 0.0 0.5 0.667 0.333 1.0 0.161 1.0 0.0 0.0 1.0 0.0 0.0 1.0 0.0 0.0 1.0 0
0.0 0.162 0.5 0.209 0.0 0.5 0.333 0.333 0.333 0.179 1.0 0.0 0.0 1.0 1.0 0.0 1.0 1.0 0.0 1.0 1
1.0 0.074 0.5 0.187 0.25 0.5 0.667 0.333 0.0 0.125 1.0 0.0 1.0 0.0 1.0 0.0 0.0 0.0 0.0 1.0 0
1.0 0.294 1.0 0.308 0.75 0.5 0.667 0.333 0.0 0.143 1.0 0.333 0.0 0.0 0.0 1.0 1.0 1.0 0.0 1.0 0
1.0 0.206 0.75 0.11 0.0 0.5 1.0 0.333 0.667 0.161 1.0 0.0 0.0 1.0 0.0 0.0 1.0 1.0 0.0 1.0 1
0.0 0.294 0.5 0.121 0.0 0.25 0.333 1.0 0.0 0.286 1.0 0.0 0.0 1.0 0.0 0.0 1.0 1.0 0.0 1.0 1
1.0 0.338 1.0 0.236 0.75 0.25 0.667 0.333 0.0 0.232 0.5 0.333 1.0 1.0 0.0 0.0 1.0 1.0 1.0 0.0 0
1.0 0.088 0.5 0.11 0.0 0.5 0.667 0.333 0.0 0.107 0.0 0.0 0.0 0.0 0.0 0.0 1.0 0.0 1.0 0.0 1
1.0 0.162 0.5 0.11 0.5 0.5 0.333 1.0 0.667 0.018 1.0 0.0 0.0 0.0 0.0 0.0 1.0 0.0 0.0 1.0 0
0.0 0.206 0.5 0.121 0.0 0.25 0.333 0.0 0.667 0.143 0.5 0.0 0.0 0.0 0.0 0.0 1.0 1.0 0.0 1.0 0
1.0 0.118 1.0 0.17 0.0 1.0 0.667 1.0 0.333 0.411 0.5 0.0 0.0 0.0 0.0 0.0 1.0 1.0 0.0 1.0 0
1.0 0.471 0.5 0.396 1.0 1.0 0.667 0.333 0.333 0.321 1.0 0.333 0.0 0.0 0.0 0.0 1.0 1.0 0.0 1.0 0
0.0 0.118 0.5 0.027 0.0 1.0 0.333 1.0 0.333 0.089 1.0 0.0 0.0 0.0 0.0 0.0 1.0 0.0 0.0 1.0 0
1.0 0.471 0.75 0.412 0.5 0.75 0.333 1.0 0.667 0.375 1.0 0.333 0.0 1.0 0.0 0.0 1.0 1.0 0.0 1.0 0
0.667 0.029 1.0 0.06 0.0 1.0 0.667 1.0 0.0 0.482 1.0 0.333 1.0 0.0 1.0 0.0 1.0 1.0 0.0 1.0 0
0.0 0.294 1.0 0.066 0.25 0.75 0.667 0.0 0.0 0.125 1.0 0.333 0.0 1.0 0.0 0.0 1.0 1.0 0.0 1.0 0
1.0 0.162 0.5 0.038 1.0 0.25 0.333 0.0 0.0 0.089 1.0 0.0 0.0 0.0 0.0 0.0 1.0 1.0 0.0 1.0 0
0.0 0.118 0.5 0.187 0.0 0.5 0.667 0.333 0.333 0.179 1.0 0.0 1.0 0.0 0.0 0.0 0.0 1.0 1.0 0.0 0
0.333 0.103 1.0 0.06 0.75 0.5 0.333 1.0 0.667 0.375 1.0 0.333 0.0 0.0 1.0 0.0 1.0 1.0 0.0 1.0 0
0.0 0.206 0.25 0.093 0.0 0.25 0.667 1.0 1.0 0.304 0.0 0.0 0.0 1.0 0.0 0.0 0.0 0.0 0.0 0.0 0
1.0 0.471 0.5 0.187 0.0 1.0 0.667 0.333 0.667 0.161 1.0 0.0 0.0 0.0 0.0 0.0 1.0 1.0 0.0 1.0 0
0.0 0.074 0.5 0.066 0.0 0.25 0.667 0.333 1.0 0.143 1.0 0.0 0.0 1.0 1.0 0.0 1.0 0.0 0.0 0.0 1
1.0 0.382 1.0 0.357 1.0 0.75 0.667 0.667 0.333 0.304 1.0 0.333 0.0 0.0 0.0 0.0 1.0 1.0 0.0 1.0 0
1.0 0.294 0.5 0.418 0.0 0.75 0.667 0.667 0.667 0.339 1.0 0.0 0.0 1.0 0.0 1.0 1.0 1.0 0.0 0.0 0
1.0 0.294 0.5 0.5 1.0 0.5 0.0 1.0 1.0 0.518 1.0 0.0 0.0 1.0 0.0 1.0 1.0 0.0 0.0 1.0 0
0.333 0.382 1.0 0.11 1.0 1.0 0.667 1.0 0.0 0.304 1.0 0.333 0.0 0.0 1.0 0.0 1.0 1.0 0.0 1.0 0
1.0 0.206 1.0 0.049 0.0 0.0 0.333 1.0 0.667 0.821 1.0 0.333 0.0 0.0 0.0 0.0 1.0 1.0 0.0 0.0 0
0.333 0.294 0.5 0.214 0.0 0.75 0.0 0.667 0.667 0.429 1.0 0.0 0.0 1.0 0.0 0.0 1.0 1.0 0.0 1.0 1
0.0 0.118 0.5 0.033 0.0 0.25 0.333 1.0 0.333 0.607 1.0 0.0 0.0 0.0 0.0 0.0 1.0 1.0 0.0 1.0 1
0.333 0.294 1.0 0.143 1.0 0.75 0.667 0.667 1.0 0.268 1.0 0.333 1.0 1.0 0.0 0.0 1.0 1.0 0.0 1.0 0
0.333 0.647 0.5 0.852 0.0 0.5 0.667 0.333 0.667 0.071 1.0 0.0 0.0 1.0 0.0 0.0 1.0 1.0 0.0 1.0 1
1.0 0.471 1.0 0.352 0.0 1.0 0.667 1.0 0.667 0.268 1.0 0.333 0.0 1.0 1.0 0.0 1.0 1.0 0.0 0.0 0
1.0 0.353 0.25 0.418 1.0 0.25 0.667 1.0 0.0 0.375 0.0 0.333 1.0 1.0 0.0 1.0 0.0 0.0 0.0 1.0 0
0.0 0.338 1.0 0.121 0.0 1.0 0.667 1.0 0.667 0.429 0.5 1.0 1.0 1.0 0.0 0.0 1.0 1.0 0.0 0.0 0
1.0 0.162 1.0 0.088 0.0 1.0 0.667 1.0 0.667 0.482 1.0 0.333 0.0 1.0 0.0 0.0 1.0 1.0 0.0 1.0 0
0.0 0.118 1.0 0.11 0.0 0.5 0.667 1.0 0.333 0.339 0.0 0.333 0.0 0.0 1.0 0.0 1.0 1.0 1.0 0.0 0
0.333 0.471 1.0 0.308 0.0 0.5 0.667 1.0 0.667 0.268 1.0 0.333 0.0 1.0 0.0 1.0 1.0 1.0 0.0 1.0 0
1.0 0.206 1.0 0.055 1.0 0.5 0.667 0.667 0.333 0.179 1.0 0.333 0.0 1.0 0.0 0.0 1.0 1.0 0.0 1.0 0
1.0 0.471 0.75 0.478 1.0 0.75 0.667 0.333 0.667 0.214 0.5 0.0 1.0 1.0 0.0 1.0 1.0 1.0 0.0 0.0 0
0.0 0.25 0.5 0.132 0.0 0.25 0.333 1.0 0.333 0.161 1.0 0.0 0.0 1.0 0.0 0.0 1.0 0.0 0.0 0.0 0
1.0 0.118 1.0 0.077 0.75 0.75 0.333 0.333 0.333 0.286 1.0 0.0 0.0 0.0 0.0 0.0 1.0 1.0 0.0 1.0 0
1.0 0.162 0.5 0.11 1.0 0.75 0.333 1.0 0.0 0.25 0.0 0.0 0.0 0.0 0.0 0.0 1.0 0.0 1.0 0.0 0
0.0 0.206 0.5 0.22 0.0 0.5 0.667 0.667 0.667 0.411 1.0 0.0 0.0 0.0 0.0 0.0 0.0 1.0 0.0 1.0 1
0.0 0.176 1.0 0.132 0.0 1.0 0.667 1.0 0.333 0.429 0.0 0.0 0.0 1.0 1.0 0.0 0.0 0.0 0.0 1.0 1
1.0 0.235 1.0 0.181 1.0 0.25 0.0 1.0 0.0 0.446 1.0 0.333 0.0 1.0 1.0 0.0 1.0 1.0 0.0 1.0 0
1.0 0.471 1.0 0.566 1.0 1.0 0.667 1.0 1.0 0.411 1.0 0.333 0.0 0.0 0.0 1.0 1.0 0.0 0.0 1.0 0
1.0 0.162 0.5 0.066 1.0 0.5 1.0 0.333 0.0 0.375 1.0 0.0 0.0 1.0 0.0 0.0 1.0 0.0 0.0 1.0 0
1.0 0.294 0.5 0.06 0.0 1.0 0.667 0.0 0.0 0.304 1.0 0.0 0.0 1.0 0.0 0.0 1.0 1.0 0.0 0.0 0
0.0 0.118 0.5 0.049 0.0 0.5 0.667 0.333 0.0 0.018 1.0 0.0 1.0 1.0 0.0 0.0 1.0 0.0 0.0 0.0 0
0.0 0.25 0.5 0.198 1.0 0.75 0.667 0.333 0.0 0.089 1.0 0.0 0.0 0.0 1.0 0.0 0.0 1.0 1.0 0.0 0
0.333 0.471 0.5 0.192 1.0 0.5 1.0 0.333 0.667 0.143 1.0 0.0 0.0 0.0 0.0 0.0 1.0 1.0 0.0 1.0 0
1.0 0.162 0.75 0.187 0.0 0.25 0.333 0.333 0.333 0.482 1.0 0.333 0.0 0.0 0.0 1.0 1.0 1.0 1.0 0.0 0
0.333 0.074 0.5 0.165 1.0 0.5 0.333 0.333 0.0 0.25 1.0 0.0 0.0 0.0 1.0 0.0 1.0 1.0 1.0 0.0 0
1.0 0.471 0.75 0.236 0.0 0.5 0.333 1.0 0.0 0.268 1.0 0.333 0.0 0.0 0.0 0.0 1.0 1.0 0.0 1.0 0
0.333 0.294 1.0 0.247 0.0 0.25 0.333 1.0 0.667 0.107 0.0 0.0 0.0 0.0 0.0 0.0 1.0 1.0 1.0 0.0 1
0.333 0.382 0.5 0.154 1.0 1.0 0.333 1.0 0.667 0.107 1.0 0.0 0.0 0.0 0.0 0.0 1.0 1.0 0.0 1.0 0
1.0 0.103 0.5 0.104 0.75 1.0 0.0 0.333 0.0 0.161 1.0 0.0 0.0 1.0 0.0 0.0 1.0 1.0 0.0 1.0 0
0.0 0.294 0.25 0.165 0.0 0.5 0.667 0.333 0.333 0.214 1.0 0.0 0.0 1.0 0.0 0.0 1.0 0.0 0.0 1.0 1
0.333 0.647 0.0 1.0 0.0 0.5 0.333 0.333 0.333 0.232 0.0 0.0 0.0 1.0 0.0 0.0 1.0 1.0 0.0 0.0 1
1.0 0.088 0.5 0.143 0.25 0.5 0.667 0.333 0.0 0.232 1.0 0.0 1.0 0.0 0.0 1.0 0.0 1.0 0.0 1.0 0
0.0 0.029 0.5 0.808 0.0 1.0 0.667 1.0 1.0 0.875 0.0 0.0 0.0 1.0 1.0 0.0 1.0 1.0 0.0 0.0 1
0.0 0.294 0.5 0.121 0.25 0.0 0.0 0.0 0.333 0.25 1.0 0.0 0.0 0.0 0.0 0.0 1.0 1.0 0.0 1.0 1
0.0 0.294 0.5 0.17 0.0 1.0 0.667 0.333 0.333 0.357 1.0 0.0 0.0 1.0 0.0 0.0 1.0 0.0 0.0 0.0 1
1.0 0.206 1.0 0.088 0.0 0.5 0.333 0.333 1.0 0.161 1.0 0.333 0.0 0.0 0.0 0.0 1.0 1.0 0.0 1.0 0
1.0 0.647 0.75 0.687 0.5 0.75 0.667 0.0 0.667 0.321 1.0 0.0 0.0 1.0 0.0 0.0 1.0 1.0 0.0 0.0 0
0.0 0.074 0.5 0.066 0.0 0.25 0.333 1.0 0.333 0.054 1.0 0.0 0.0 0.0 0.0 0.0 1.0 0.0 0.0 1.0 1
0.333 0.118 0.5 0.099 0.0 0.75 0.667 1.0 0.333 0.196 1.0 0.0 1.0 1.0 1.0 0.0 1.0 0.0 0.0 1.0 0
0.0 0.294 0.25 0.368 0.0 0.25 0.0 0.0 0.333 0.643 0.0 0.0 0.0 1.0 0.0 0.0 1.0 1.0 0.0 1.0 1
0.0 0.118 0.25 0.027 0.0 0.25 0.667 0.333 0.667 0.482 0.0 0.333 0.0 1.0 1.0 0.0 1.0 1.0 0.0 1.0 1
0.0 0.206 1.0 0.044 0.0 0.25 0.333 1.0 0.333 0.036 1.0 0.0 0.0 0.0 0.0 0.0 1.0 0.0 0.0 1.0 0
0.0 0.647 0.5 0.555 0.0 0.75 0.667 1.0 1.0 0.357 0.5 0.667 1.0 1.0 0.0 1.0 1.0 0.0 0.0 1.0 1
1.0 0.382 0.5 0.093 1.0 1.0 0.667 1.0 0.667 0.696 1.0 0.0 0.0 1.0 0.0 0.0 1.0 1.0 0.0 1.0 0
0.0 0.118 0.75 0.06 0.0 0.5 0.667 0.333 0.0 0.429 1.0 0.333 1.0 0.0 1.0 0.0 1.0 1.0 1.0 0.0 0
0.0 0.294 0.5 0.082 0.0 0.25 0.667 0.0 0.333 0.089 1.0 0.0 0.0 0.0 0.0 0.0 0.0 1.0 1.0 0.0 0
0.333 0.074 0.5 0.082 0.0 0.25 0.333 0.333 0.667 0.054 1.0 0.0 0.0 1.0 0.0 0.0 1.0 1.0 0.0 1.0 1
1.0 0.074 1.0 0.055 0.0 0.5 0.667 0.0 0.0 0.196 1.0 0.333 0.0 0.0 1.0 0.0 1.0 1.0 0.0 1.0 0
1.0 0.118 1.0 0.016 0.5 1.0 0.667 1.0 0.333 0.411 1.0 0.333 1.0 1.0 0.0 0.0 1.0 1.0 0.0 1.0 0
0.0 0.118 0.5 0.071 0.0 0.5 0.333 0.0 0.667 0.071 0.0 0.0 0.0 0.0 0.0 0.0 1.0 1.0 0.0 1.0 0
0.333 0.382 0.75 0.093 0.25 0.25 0.667 0.667 1.0 0.196 0.5 0.333 0.0 0.0 0.0 0.0 1.0 1.0 0.0 0.0 1
0.667 0.074 0.5 0.027 0.0 0.5 0.333 0.333 0.0 0.161 1.0 0.0 0.0 0.0 0.0 0.0 1.0 1.0 1.0 0.0 1
0.333 0.029 0.5 0.104 0.0 0.25 1.0 0.667 0.667 0.196 1.0 0.0 0.0 1.0 0.0 0.0 1.0 0.0 0.0 0.0 0
0.333 0.824 0.5 0.335 0.0 0.5 0.667 1.0 1.0 0.411 1.0 0.0 0.0 0.0 0.0 0.0 1.0 0.0 0.0 1.0 1
1.0 0.294 1.0 0.363 1.0 0.5 0.667 1.0 0.333 0.482 1.0 0.333 1.0 1.0 0.0 1.0 1.0 1.0 0.0 0.0 0
1.0 0.118 0.5 0.181 1.0 0.25 0.667 0.667 0.333 0.464 1.0 0.0 1.0 1.0 1.0 0.0 1.0 1.0 0.0 0.0 0
1.0 0.088 0.5 0.071 0.0 0.5 0.667 0.333 0.0 0.214 1.0 0.0 1.0 0.0 1.0 0.0 1.0 1.0 1.0 0.0 0
1.0 0.294 0.5 0.038 1.0 0.75 0.667 0.333 0.667 0.214 0.5 0.0 0.0 1.0 0.0 0.0 1.0 1.0 0.0 1.0 0
1.0 0.0 1.0 0.071 0.0 0.75 0.667 0.0 0.0 0.411 1.0 0.667 1.0 0.0 1.0 0.0 1.0 1.0 1.0 0.0 0
0.0 0.162 0.5 0.088 0.0 0.25 0.333 0.0 0.333 0.482 1.0 0.0 0.0 0.0 0.0 0.0 0.0 0.0 0.0 1.0 0
0.333 0.647 0.0 0.451 0.5 0.25 0.333 0.0 0.667 0.196 1.0 0.333 0.0 0.0 1.0 0.0 1.0 1.0 0.0 1.0 0
0.0 0.294 0.25 0.17 0.5 0.25 0.667 1.0 1.0 0.196 1.0 0.0 1.0 1.0 0.0 0.0 1.0 0.0 0.0 1.0 1
1.0 0.118 0.5 0.148 1.0 0.0 0.667 1.0 1.0 0.339 1.0 0.0 0.0 1.0 1.0 0.0 1.0 1.0 0.0 0.0 0
1.0 0.206 0.5 0.071 0.0 0.25 1.0 0.0 0.333 0.429 1.0 0.0 1.0 0.0 0.0 0.0 0.0 1.0 1.0 0.0 1
1.0 0.294 0.5 0.187 0.25 1.0 0.667 1.0 0.667 0.214 1.0 0.333 0.0 0.0 0.0 0.0 1.0 1.0 0.0 1.0 1
0.333 0.206 1.0 0.187 0.0 0.0 1.0 0.667 0.667 0.375 1.0 0.667 1.0 1.0 0.0 0.0 1.0 1.0 0.0 0.0 0
0.0 0.471 0.75 0.104 0.0 0.75 0.667 0.0 0.667 0.089 1.0 0.333 0.0 1.0 0.0 0.0 1.0 1.0 0.0 1.0 1
0.333 0.294 0.5 0.214 0.5 0.25 0.333 1.0 0.667 0.161 1.0 0.0 0.0 0.0 0.0 1.0 1.0 0.0 0.0 1.0 1
1.0 0.471 0.5 0.593 0.0 0.0 0.333 0.333 0.667 0.125 1.0 0.333 0.0 1.0 0.0 0.0 1.0 1.0 0.0 0.0 1
0.0 0.118 0.5 0.093 0.0 0.5 0.333 1.0 0.333 0.179 1.0 0.0 0.0 1.0 1.0 0.0 0.0 1.0 0.0 1.0 0
0.0 0.294 1.0 0.055 0.75 1.0 0.333 1.0 0.333 0.679 1.0 0.333 0.0 1.0 0.0 0.0 1.0 0.0 0.0 0.0 0
0.667 0.382 1.0 0.192 1.0 1.0 0.667 1.0 0.333 0.536 0.5 0.333 0.0 0.0 0.0 0.0 1.0 1.0 1.0 0.0 0
0.333 0.074 1.0 0.055 0.0 1.0 0.667 1.0 0.0 0.321 1.0 0.667 0.0 0.0 0.0 0.0 1.0 1.0 1.0 0.0 0
0.0 0.353 0.5 0.209 0.0 0.5 0.667 0.333 0.667 0.464 1.0 0.0 0.0 0.0 1.0 0.0 1.0 1.0 1.0 0.0 1
0.333 0.294 0.5 0.159 0.25 1.0 0.667 1.0 1.0 0.196 1.0 0.0 0.0 0.0 0.0 0.0 1.0 0.0 0.0 1.0 0
1.0 0.029 1.0 0.082 0.0 1.0 1.0 0.333 0.0 0.196 1.0 0.333 0.0 0.0 0.0 0.0 1.0 0.0 0.0 1.0 0
0.333 0.25 0.75 0.121 0.0 0.5 0.0 1.0 0.333 0.5 1.0 0.333 0.0 0.0 1.0 0.0 1.0 1.0 0.0 1.0 0
1.0 0.162 0.5 0.187 1.0 0.5 0.667 0.333 1.0 0.179 1.0 0.0 0.0 0.0 1.0 0.0 1.0 1.0 0.0 1.0 0
1.0 0.294 0.5 0.121 0.5 1.0 0.667 0.333 0.667 0.286 0.0 0.333 0.0 1.0 0.0 0.0 1.0 1.0 0.0 1.0 1
0.333 0.029 0.5 0.016 0.0 0.25 1.0 0.0 0.333 0.054 1.0 0.0 0.0 0.0 0.0 0.0 1.0 1.0 1.0 0.0 0
0.333 0.382 0.5 0.082 1.0 0.5 0.333 0.0 0.667 0.125 1.0 0.0 0.0 0.0 0.0 0.0 1.0 1.0 0.0 1.0 0
0.333 0.338 1.0 0.126 0.5 0.5 0.667 0.333 0.333 0.071 1.0 0.333 0.0 0.0 0.0 0.0 1.0 1.0 1.0 0.0 1
1.0 0.162 0.5 0.187 0.0 1.0 0.333 0.333 0.667 0.625 0.0 0.0 0.0 1.0 0.0 0.0 1.0 0.0 0.0 0.0 0
1.0 0.559 0.5 0.385 1.0 0.75 1.0 1.0 0.333 0.179 1.0 0.0 0.0 1.0 0.0 0.0 1.0 0.0 0.0 1.0 0
0.0 0.103 1.0 0.203 0.0 0.5 0.667 0.333 0.0 0.375 1.0 0.333 1.0 0.0 1.0 0.0 1.0 1.0 1.0 0.0 0
0.333 0.162 0.5 0.071 0.25 0.5 0.667 0.333 0.0 0.054 1.0 0.0 0.0 0.0 0.0 0.0 0.0 1.0 0.0 1.0 0
1.0 0.294 0.5 0.396 0.0 0.5 0.667 1.0 0.333 0.429 1.0 0.0 1.0 0.0 1.0 0.0 1.0 1.0 1.0 0.0 0
0.0 0.294 0.25 0.055 0.0 0.0 0.333 1.0 1.0 0.179 1.0 0.333 0.0 0.0 1.0 0.0 0.0 0.0 0.0 0.0 1
0.0 0.824 0.5 0.39 0.0 1.0 0.667 1.0 1.0 0.304 1.0 0.0 0.0 0.0 0.0 0.0 0.0 0.0 0.0 1.0 1
1.0 0.382 1.0 0.143 0.0 0.5 0.333 0.333 0.667 0.25 1.0 0.0 0.0 1.0 0.0 0.0 1.0 1.0 0.0 1.0 0
0.667 0.294 0.5 0.06 0.5 0.5 0.333 0.667 0.667 0.679 1.0 0.0 0.0 0.0 0.0 0.0 1.0 1.0 1.0 0.0 0
0.333 0.029 0.5 0.033 0.0 0.5 0.333 0.667 0.0 0.804 1.0 0.0 0.0 0.0 0.0 0.0 0.0 1.0 0.0 1.0 0
0.333 0.206 0.75 0.121 1.0 1.0 0.667 0.333 0.333 0.411 1.0 0.333 0.0 0.0 0.0 0.0 1.0 1.0 0.0 1.0 0
1.0 0.294 0.75 0.126 0.0 1.0 0.667 1.0 0.667 0.5 1.0 0.333 1.0 0.0 1.0 0.0 1.0 1.0 1.0 0.0 1
0.333 0.162 0.25 0.06 0.25 0.5 1.0 0.333 0.333 0.107 1.0 0.0 0.0 0.0 1.0 0.0 1.0 0.0 0.0 1.0 1
0.333 0.382 1.0 0.451 0.0 0.75 0.667 0.333 0.333 0.536 1.0 0.0 0.0 0.0 0.0 0.0 1.0 1.0 0.0 1.0 1
1.0 0.647 0.5 0.253 0.0 0.0 0.667 0.333 0.667 0.25 0.0 0.0 0.0 1.0 0.0 0.0 1.0 0.0 0.0 0.0 1
0.667 0.25 0.5 0.148 0.25 0.5 0.333 0.0 0.667 0.161 0.0 0.0 0.0 1.0 1.0 0.0 1.0 1.0 0.0 0.0 0
0.0 0.471 0.5 0.44 0.0 0.5 0.667 0.333 0.333 0.125 1.0 0.0 1.0 0.0 0.0 1.0 1.0 1.0 0.0 1.0 1
1.0 0.294 1.0 0.099 0.0 0.75 0.667 0.333 0.333 0.196 1.0 0.333 0.0 0.0 0.0 0.0 1.0 1.0 1.0 0.0 0
0.0 0.162 1.0 0.066 0.0 0.5 0.333 0.667 0.333 0.107 1.0 0.333 0.0 0.0 0.0 0.0 1.0 0.0 0.0 1.0 0
0.667 0.559 0.0 0.335 0.0 0.25 0.0 0.0 0.333 0.25 1.0 0.333 0.0 0.0 0.0 0.0 1.0 1.0 0.0 1.0 0
1.0 0.132 0.5 0.066 0.25 0.0 0.333 1.0 0.0 0.804 1.0 0.0 0.0 0.0 0.0 0.0 1.0 1.0 0.0 1.0 0
0.0 0.294 0.5 0.352 0.0 0.0 0.667 0.333 1.0 0.179 1.0 0.0 0.0 1.0 0.0 1.0 1.0 0.0 0.0 0.0 0
0.333 0.294 1.0 0.082 0.0 1.0 0.667 0.333 0.333 0.518 1.0 0.333 0.0 0.0 0.0 0.0 1.0 1.0 1.0 0.0 0
1.0 0.118 1.0 0.187 1.0 0.25 0.667 0.0 0.333 0.321 1.0 0.333 1.0 0.0 0.0 0.0 1.0 1.0 1.0 0.0 0
1.0 0.162 0.25 0.077 0.25 1.0 0.667 1.0 0.667 0.268 0.0 0.0 1.0 0.0 0.0 0.0 1.0 1.0 1.0 0.0 0
0.0 0.206 0.5 0.093 1.0 0.75 1.0 1.0 0.667 0.071 1.0 0.333 0.0 0.0 0.0 0.0 1.0 0.0 1.0 0.0 0
0.0 0.471 0.5 0.209 0.0 0.0 0.667 0.667 0.333 0.196 1.0 0.0 0.0 1.0 0.0 0.0 1.0 1.0 0.0 0.0 0
1.0 0.118 0.5 0.121 1.0 1.0 0.667 0.667 0.667 0.554 1.0 0.0 0.0 1.0 1.0 0.0 1.0 1.0 0.0 1.0 0
1.0 0.118 0.5 0.082 0.0 0.75 0.333 1.0 0.0 0.214 1.0 0.0 0.0 0.0 0.0 0.0 1.0 1.0 1.0 0.0 0
0.0 0.382 0.5 0.203 0.0 0.5 0.0 1.0 0.333 0.375 1.0 0.0 0.0 1.0 0.0 1.0 1.0 1.0 0.0 0.0 0
1.0 0.118 0.5 0.033 0.0 1.0 0.667 1.0 0.667 0.339 1.0 0.0 0.0 0.0 0.0 0.0 1.0 1.0 0.0 1.0 0
0.0 0.603 0.5 0.088 0.0 0.5 0.667 1.0 1.0 0.071 1.0 0.0 0.0 1.0 0.0 0.0 1.0 0.0 0.0 1.0 1
0.333 0.603 1.0 0.242 0.25 0.0 0.667 1.0 0.667 0.143 1.0 0.0 0.0 0.0 0.0 1.0 1.0 1.0 0.0 1.0 0
